1004427686362111000025 2008060958                                               
5001000417772A2008064427686362111000025                                         
60010010000026765021000021134688635 20255    E100-200806INF018597               
40010016019164442393       0000026765                                           
60010020000016955021000021299798170 3233     E100-200806INF018597               
4001002601 164430239       0000014134                                           
40010026029164430251       0000002821                                           
60010030001187037021000021452906766 76922    E100-200806INF018597               
4001003601 164442810       0000022321                                           
40010036029164443469       0001164716                                           
6001004000001044002130007721970013  80046194 E100-200806INF018597               
40010046019164391932       0000010440                                           
60010050000027284021300077321321000531059    E100-200806INF018597               
40010056019164438571       0000027284                                           
60010060000021176021300077507001378 7393     E100-200806INF018597               
40010066019164430965       0000021176                                           
6001007000003279202130361870079717311028     E100-200806INF018597               
40010076019164376206       0000032792                                           
60010080000038447021305577500490230 19505    E100-200806INF018597               
40010086019164431565       0000038447                                           
60010090000024216021307559110021492147286    E100-200806INF018597               
40010096019164431773       0000024216                                           
600101000000119390213131034400294933107374   E100-200806INF018597               
40010106019164429291       0000011939                                           
600101100000321650220000469839963643116969   E100-200806INF018597               
4001011601 164387907       0000001503                                           
40010116029164387923       0000030662                                           
60010120000024413022000046985609295344516    E100-200806INF018597               
40010126019164438688       0000024413                                           
60010130000008076022000046985609295344517    E100-200806INF018597               
40010136019164438688       0000008076                                           
6001014000006155602230365911008656076394     E100-200806INF018597               
40010146019164429811       0000061556                                           
60010150000005196022306818922126704 3429     E100-200806INF018597               
40010156019164435653       0000005196                                           
60010160000010823221371372108004656 9786     E100-200806INF018597               
40010166019164444003       0000010823                                           
8001000417772A20080600160001539280                                              
9000039                                                                         
