100304805009 021000021 2008051020                                               
500100028562A 200805304805009 021000021                                         
6001001000122022701120153980241890  898337   E100-200805INF018557               
4001001601 164414907       0001216168                                           
40010016029164414909       0000004059                                           
60010020001281528031202770802636251649089    E100-200805INF018557               
4001002601 164376657       0000022338                                           
40010026029164376689       0001259190                                           
600100300002158840313186196100000011393971   E100-200805INF018555               
4001003601 164386274       0000215323                                           
40010036029164387186       0000000561                                           
6001004000024054721117010110000915021122742  E100-200805INF018556               
4001004601 164308455       0000240547                                           
4001004602 164347618       0000000000                                           
4001004603 164348960       0000000000                                           
40010046049164348992       0000000000                                           
800100028562A 20080500040002958186                                              
9000018                                                                         
