1003359871525061112788 2001291055                                               
500100033310A 2001293359871525061112788                                        
6001001000002190001190057150230409112015     E100-200129INF014964               
400100160195000058165      0000021900                                           
6001002000000070002190247583918340003484     E100-200129INF014964               
400100260195000057427      0000000700                                           
6001003000001940002600292767101676308791     E100-200129INF014964               
400100360195000056888      0000019400                                           
6001004000002770003100050378874574277644     E100-200129INF014964               
400100460195000057678      0000027700                                           
600100500000070000440000241         518543   E100-200129INF014964               
400100560195000057628      0000007000                                           
6001006000002810004411580915813220941662     E100-200129INF014964               
4001006601 5000052426      0000016000                                           
400100660295000056900      0000012100                                           
6001007000001520005310073717030477805082     E100-200129INF014964               
4001007601 5000054814      0000004100                                           
400100760295000057710      0000011100                                           
60010080000010700053101121529390238229750    E100-200129INF014964               
400100860195000057863      0000010700                                           
60010090000022942064000017554730200021079    E100-200129INF014964               
400100960195000058098      0000022942                                           
6001010000000690410110062111032218061302     E100-200129INF014964               
400101060195000058101      0000006904                                           
60010110000008354103104528603296020010959    E100-200129INF014964               
400101160195000057905      0000008354                                           
60010120000003300111000025477110398611238    E100-200129INF014964               
400101260195000056783      0000003300                                           
6001013000006570011100061488510261105196     E100-200129INF014964               
4001013601 5000054612      0000045700                                           
400101360295000057497      0000020000                                           
600101400000054001210003584729041840691      E100-200129INF014964               
400101460195000056729      0000005400                                           
600101500000059541211062529401096100526      E100-200129INF014964               
400101560195000056810      0000005954                                           
6001016000001896412200024725796599193553     E100-200129INF014964               
400101660195000056738      0000018964                                           
60010170000001508122000496113503452012167    E100-200129INF014964               
400101760195000056825      0000001508                                           
6001018000001938312203410369200343807294     E100-200129INF014964               
4001018601 5000055433      0000004490                                           
400101860295000056742      0000014893                                           
60010190000027300122105320210027120030129    E100-200129INF014964               
400101960195000057271      0000027300                                           
6001020000002110012320513533918004002956     E100-200129INF014964               
400102060195000057189      0000021100                                           
6001021000002310012510827234012476004109     E100-200129INF014964               
400102160195000057231      0000023100                                           
60010220000004900211870980890002414013758    E100-200129INF014964               
400102260195000055647      0000004900                                           
60010230000079500231372691200027744612179    E100-200129INF014964               
400102360195000057689      0000079500                                           
6001024000000184932227162718028379145148     E100-200129INF014964               
400102460195000057484      0000001849                                           
60010250000043600323070380266541422216119    E100-200129INF014964               
4001025601 5000054397      0000022300                                           
400102560295000057283      0000021300                                           
800100033310A 20012900250000490458                                              
9000059                                                                         
