10073027044  042000314 2008060958                                               
5001000632530A20080673027044  042000314                                         
6001001000011873601130139057678197  20436    E100-200806INF018602               
40010016019164421605       0000118736                                           
6001002000001369801130139057679045  11747    E100-200806INF018601               
40010026019164413104       0000013698                                           
6001003000024658001130292068330     76035    E100-200806INF018602               
40010036019164384195       0000246580                                           
60010040000048194011900571385015872264733    E100-200806INF018602               
40010046019164437990       0000048194                                           
60010050000006566021000021760010129 19686    E100-200806INF018602               
40010056019164421957       0000006566                                           
6001006000002610502100008995296608  2996     E100-200806INF018607               
40010066019164437191       0000026105                                           
600100700004401660210003224830435929110023318E100-200806INF018604               
4001007601 164402809       0000048541                                           
40010076029164405600       0000391625                                           
60010080000829630021306822797046348 657434   E100-200806INF018602               
4001008601 164389164       0000006886                                           
40010086029164391175       0000822744                                           
60010090000060768021309379123953959 56308    E100-200806INF018598               
40010096019164437214       0000060768                                           
60010100001065975021309379615761798 506408   E100-200806INF018602               
4001010601 164269477       0000262800                                           
4001010602 164306874       0000277575                                           
4001010603 164346592       0000263665                                           
40010106049164384794       0000261935                                           
60010110000042840021309379615761798 506409   E100-200806INF018602               
4001011601 164280951       0000013910                                           
4001011602 164309780       0000009060                                           
4001011603 164348989       0000012350                                           
40010116049164387009       0000007520                                           
6001012000097252602140791275286577588803     E100-200806INF018602               
4001012601 164304737       0000002675                                           
4001012602 164306055       0000236325                                           
4001012603 164323743       0000235889                                           
4001012604 164323747       0000002775                                           
4001012605 164345607       0000238998                                           
40010126069164364323       0000255864                                           
60010130000022534022000046984849738526340    E100-200806INF018604               
40010136019164393837       0000022534                                           
60010140000128251026008905107570060882259    E100-200806INF018603               
40010146019164434233       0000128251                                           
60010150000016774031100102210682-65478591    E100-200806INF018598               
40010156019164439231       0000016774                                           
600101600000160830311001029500220224302565   E100-200806INF018603               
40010166019164421601       0000016083                                           
6001017000000779403120136042685023379162     E100-200806INF018603               
40010176019164420544       0000007794                                           
600101800000675960312013607856826123454938   E100-200806INF018604               
40010186019164406225       0000067596                                           
60010190000269268031202770802629274910023365 E100-200806INF018602               
40010196019164426259       0000269268                                           
6001020000004231503120277080263338979852     E100-200806INF018606               
40010206019164399247       0000042315                                           
60010210000012187031202770802644749915263    E100-200806INF018604               
40010216019164413531       0000012187                                           
60010220000037768031204710131000023022745    E100-200806INF018604               
40010226019164391497       0000037768                                           
600102300001302070312079401100018645103743   E100-200806INF018606               
40010236019164388149       0000130207                                           
6001024000000808203130295598573007448919     E100-200806INF018598               
40010246019164437689       0000008082                                           
60010250000105296031302955986989769538173    E100-200806INF018603               
40010256019164419984       0000105296                                           
60010260000071444041000124401130946641797    E100-200806INF018601               
40010266019164420164       0000071444                                           
60010270000033546041000124410581644221129    E100-200806INF018606               
40010276019164429137       0000033546                                           
600102800000572820410001244116431513311686   E100-200806INF018602               
40010286019164432711       0000057282                                           
60010290000125512041000124411647603317664    E100-200806INF018604               
40010296019164425672       0000125512                                           
600103000001524250410001244247670178254493   E100-200806INF018603               
40010306019164420883       0000152425                                           
600103100000143160410001531668303818109895   E100-200806INF018602               
40010316019164436435       0000014316                                           
60010320000032582041001039149681024518050    E100-200806INF018604               
40010326019164432847       0000032582                                           
600103300003298430410010393596814665263400334E100-200806INF018598               
40010336019164430222       0000329843                                           
600103400000602610410010393596814665265071652E100-200806INF018598               
40010346019164429380       0000060261                                           
6001035000076724904120163525357532  202184   E100-200806INF018607               
4001035601 164392687       0000273541                                           
4001035602 164393690       0000009864                                           
4001035603 164396231       0000476477                                           
40010356049164396290       0000007367                                           
600103600001330850412038249600082042657262   E100-200806INF018602               
40010366019164440606       0000133085                                           
6001037000012994504120382496001705211055236  E100-200806INF018598               
4001037601 164420134       0000129945                                           
40010376029164426921       0000000000                                           
600103800001232280412038249617999942225029   E100-200806INF018606               
40010386019164393133       0000123228                                           
60010390000160160042000314702362460968208    E100-200806INF018601               
4001039601 164388647       0000081044                                           
40010396029164426888       0000079116                                           
6001040000004001404200031473038835  40119    E100-200806INF018601               
40010406019164442749       0000040014                                           
6001041000000553404200031479055921635500     E100-200806INF018601               
40010416019164442749       0000005534                                           
60010420000009191042000314790559308810265    E100-200806INF018601               
40010426019164442749       0000009191                                           
6001043000002405004200055090237590  105713   E100-200806INF018601               
40010436019164441048       0000024050                                           
6001044000000408204201542216513315091976     E100-200806INF018601               
40010446019164391723       0000004082                                           
600104500000750800420154221651338405122159   E100-200806INF018601               
40010456019164424633       0000075080                                           
6001046000006363904210014661069669  79755    E100-200806INF018601               
40010466019164431584       0000063639                                           
60010470000000903042102160177364    1323     E100-200806INF018606               
40010476019164358983       0000000903                                           
6001048000000508804210269420584     45215    E100-200806INF018606               
40010486019164382510       0000005088                                           
60010490000005088042102694400162058445192    E100-200806INF018606               
40010496019164382510       0000005088                                           
8001000632530A20080600490007159486                                              
5002000632530A20080673027044  042000314                                         
60020500000002770042102694400162058445290    E100-200806INF018606               
40020506019164382510       0000002770                                           
60020510000002770042102694400162058445313    E100-200806INF018606               
40020516019164382510       0000002770                                           
6002052000000254704220091053101587949582     E100-200806INF018607               
40020526019164442589       0000002547                                           
60020530000054966042200910531051460834076    E100-200806INF018606               
40020536019164443620       0000054966                                           
60020540000020054042200910531055324211416    E100-200806INF018607               
40020546019164442589       0000020054                                           
600205500003377350422150601451194849469503   E100-200806INF018606               
40020556019164442001       0000337735                                           
600205600000070170422150601451194849469506   E100-200806INF018606               
40020566019164442010       0000007017                                           
60020570000247197043019003120005905 13168    E100-200806INF018602               
40020576019164433743       0000247197                                           
600205800000922830434000363512019094122257   E100-200806INF018607               
40020586019164422080       0000092283                                           
60020590000009521043400036353201320215102    E100-200806INF018607               
40020596019164438601       0000009521                                           
60020600000005721044000024189300866110158    E100-200806INF018600               
40020606019164437787       0000005721                                           
600206100000815150440000241893304970193815   E100-200806INF018606               
40020616019164393709       0000081515                                           
60020620000024376044000037589835161 2105     E100-200806INF018607               
4002062601 164412741       0000021148                                           
40020626029164420398       0000003228                                           
60020630000212774044115443329121039 122216   E100-200806INF018599               
40020636019164434937       0000212774                                           
60020640000152887044115443575559575 32411    E100-200806INF018607               
40020646019164420135       0000152887                                           
6002065000005985004420250511516026  980208   E100-200806INF018606               
40020656019164396731       0000059850                                           
60020660000435161051000020443004948 488161   E100-200806INF018606               
40020666019164421304       0000435161                                           
6002067000001177905140054978221261  13787    E100-200806INF018603               
40020676019164425970       0000011779                                           
6002068000004918105140316410108129021738     E100-200806INF018602               
40020686019164309919       0000049181                                           
60020690000004531051403957222312463043766    E100-200806INF018603               
40020696019164401908       0000004531                                           
60020700000084992051403957810650069282538    E100-200806INF018598               
4002070601927232           0000084992                                           
60020710000030399051404260159783359 75954    E100-200806INF018604               
40020716019164443181       0000030399                                           
60020720000030399051404260159783359 75963    E100-200806INF018604               
40020726019164443181       0000030399                                           
60020730000009657051404260159783359 76082    E100-200806INF018604               
40020736019164443181       0000009657                                           
60020740000009620051404260159783359 76096    E100-200806INF018604               
40020746019164443181       0000009620                                           
60020750000460797051404260252301437 144678   E100-200806INF018598               
40020756019164424135       0000460797                                           
60020760000002178051404260523209901311603    E100-200806INF018604               
40020766019164443181       0000002178                                           
60020770000002178051404260523209901311607    E100-200806INF018604               
40020776019164443181       0000002178                                           
60020780000108300051404752114231    177776   E100-200806INF018604               
40020786019164433531       0000108300                                           
60020790000020737051404901201510201 81150    E100-200806INF018606               
40020796019164439432       0000020737                                           
60020800000249689051408949243085826 157846   E100-200806INF018606               
4002080601 164396390       0000001212                                           
4002080602 164397266       0000122911                                           
4002080603 164434105       0000124354                                           
40020806049164434708       0000001212                                           
60020810000026003051408949261097431 11174    E100-200806INF018603               
40020816019164433032       0000026003                                           
60020820000028331051504571101084561837988    E100-200806INF018606               
40020826019164436955       0000028331                                           
600208300001907550520001139853039171242875   E100-200806INF018603               
4002083601 164436691       0000010052                                           
40020836029164436907       0000180703                                           
60020840000064472052073519509403135 10196    E100-200806INF018604               
40020846019164396617       0000064472                                           
60020850000042908052073519509502134 6639     E100-200806INF018604               
40020856019164399327       0000042908                                           
60020860000075903052073519509502167 6779     E100-200806INF018606               
40020866019164399252       0000075903                                           
60020870000087461052073519509502282 6720     E100-200806INF018604               
40020876019164391975       0000087461                                           
60020880000008146053000219667793752310372    E100-200806INF018601               
40020886019164421305       0000008146                                           
600208900000474190531003005861755336728746   E100-200806INF018606               
40020896019164421130       0000047419                                           
600209000005271890531011215198710417339874   E100-200806INF018601               
40020906019164438458       0000527189                                           
600209100002142130531015612079900581173297   E100-200806INF018598               
40020916019164392755       0000214213                                           
600209200013879880531015618018016454258321   E100-200806INF018601               
40020926019164414615       0001387988                                           
600209300003033170531015618018855315400000069E100-200806INF018607               
4002093601 164426908       0000115883                                           
40020936029164436674       0000187434                                           
60020940000018753053103585451714929 44540    E100-200806INF018604               
40020946019164412667       0000018753                                           
60020950000221370053104869599999954 128192   E100-200806INF018604               
4002095601 164400227       0000219698                                           
40020956029164402991       0000001672                                           
6002096000001577905320160714100046484443     E100-200806INF018599               
40020966019164429672       0000015779                                           
6002097000002349105320160714100046482764     E100-200806INF018599               
40020976019164429672       0000023491                                           
60020980000075376053207766200002609963887    E100-200806INF018601               
40020986019164435870       0000075376                                           
600209900000926430532077662003733002141832   E100-200806INF018602               
40020996019164421302       0000092643                                           
8002000632530A20080600500006275098                                              
5003000632530A20080673027044  042000314                                         
6003100000003053005320820210151934  108560   E100-200806INF018599               
40031006019164433183       0000030530                                           
60031010000022593054000030533255412511605    E100-200806INF018603               
40031016019164390818       0000022593                                           
60031020000163091054000030550130298237814    E100-200806INF018604               
4003102601 164442546       0000001503                                           
40031026029164443192       0000161588                                           
60031030000020987054001204226004436519463    E100-200806INF018606               
40031036019164439347       0000020987                                           
60031040000196354055001096155855310331365    E100-200806INF018602               
40031046019164430429       0000196354                                           
60031050000023841061000052334023790361665    E100-200806INF018600               
40031056019164422884       0000023841                                           
6003106000001928306100010410001726441034086  E100-200806INF018600               
40031066019164442385       0000019283                                           
600310700003616940610001041500575574169632   E100-200806INF018599               
40031076019164438413       0000361694                                           
6003108000003776506110060630106060  6115     E100-200806INF018607               
40031086019164425268       0000037765                                           
6003109000015116806110060697345     89177    E100-200806INF018603               
40031096019164420726       0000151168                                           
60031100000077997061100790100007831628058    E100-200806INF018603               
40031106019164430027       0000077997                                           
600311100018262110611127883299125700213625   E100-200806INF018603               
4003111601 164380263       0000073375                                           
40031116029164380581       0001752836                                           
60031120000301264061112788335996587183604    E100-200806INF018607               
40031126019164428780       0000301264                                           
600311300001191760611127883359992230219182   E100-200806INF018600               
40031136019164420790       0000119176                                           
60031140000084712061113415514706189971877    E100-200806INF018600               
4003114601 164393019       0000042356                                           
40031146029164431034       0000042356                                           
6003115000007410406120175420488954905184     E100-200806INF018603               
40031156019164441349       0000074104                                           
60031160000168804061201754204921549050262    E100-200806INF018600               
40031166019164421913       0000168804                                           
600311700001756780612022453250273   75319    E100-200806INF018600               
40031176019164391982       0000175678                                           
600311800006013020612097562079900559356224   E100-200806INF018607               
4003118601 164423593       0000029810                                           
40031186029164425310       0000571492                                           
60031190000038455062206295182311    56856    E100-200806INF018600               
40031196019164429790       0000038455                                           
6003120000000054006310215210001494302233     E100-200806INF018603               
40031206019164428624       0000000540                                           
6003121000001876806310215210001494305875     E100-200806INF018603               
40031216019164428624       0000018768                                           
6003122000000954606310215210001494302074     E100-200806INF018603               
40031226019164428624       0000009546                                           
60031230000004416063102152495002045848012    E100-200806INF018603               
40031236019164428624       0000004416                                           
60031240000048360063102152500001192041485    E100-200806INF018607               
40031246019164421679       0000048360                                           
60031250000113845063109935744231472552134    E100-200806INF018607               
40031256019164395123       0000113845                                           
6003126000008556306311214243117     97393    E100-200806INF018603               
40031266019164432954       0000085563                                           
6003127000002532406311403025365313  73209    E100-200806INF018600               
40031276019164413404       0000025324                                           
60031280000023782064000017136394440 7851     E100-200806INF018604               
40031286019164422429       0000023782                                           
6003129000096054006400001798811916  114729   E100-200806INF018604               
4003129601 164383802       0000004520                                           
40031296029164422357       0000956020                                           
6003130000006100306400863716048944  11108    E100-200806INF018603               
4003130601 164437887       0000057138                                           
40031306029164437894       0000003865                                           
600313100000093010640086375245110   21309    E100-200806INF018599               
40031316019164425969       0000009301                                           
600313200001263370640086375562870   240199   E100-200806INF018602               
40031326019164412821       0000126337                                           
60031330000030663065000090705747251513337    E100-200806INF018602               
40031336019164405188       0000030663                                           
6003134000084455006530336025000217  805976   E100-200806INF018599               
40031346019164397915       0000844550                                           
60031350000000895065303360301-903-1 5191     E100-200806INF018599               
40031356019164397915       0000000895                                           
60031360000000576065400137730937281 17707    E100-200806INF018603               
40031366019164439068       0000000576                                           
60031370000032964065400137754517084 36397    E100-200806INF018601               
40031376019164394293       0000032964                                           
60031380000032350065400137790186571 55251    E100-200806INF018601               
40031386019164394293       0000032350                                           
6003139000041296206540015361398806  526356   E100-200806INF018601               
40031396019164394293       0000412962                                           
600314000000637490670064322000016162107262   E100-200806INF018602               
40031406019164389900       0000063749                                           
600314100000881980670148224308982960128123   E100-200806INF018603               
40031416019164420513       0000088198                                           
60031420000065195067014822686000603735418    E100-200806INF018603               
40031426019164431248       0000065195                                           
60031430000026553071000013650172844 35206    E100-200806INF018604               
40031436019164437269       0000026553                                           
6003144000069913007100003986703-0737676466   E100-200806INF018600               
40031446019164379640       0000699130                                           
600314500000582360710001523801119211222863   E100-200806INF018604               
4003145601 164278069       0000030316                                           
40031456029164431892       0000027920                                           
6003146000005455007100050552013731716087     E100-200806INF018606               
40031466019164397817       0000054550                                           
600314700006583330710064861320092   18413    E100-200806INF018602               
4003147601 164399599       0000047889                                           
4003147602 18180           0000305222                                           
40031476039775             0000305222                                           
600314800001079720710064862455473   27250    E100-200806INF018604               
4003148601 164438789       0000107400                                           
40031486029164441212       0000000572                                           
60031490000100877071026356450009769 118572   E100-200806INF018599               
40031496019164431354       0000100877                                           
8003000632530A20080600500009260087                                              
5004000632530A20080673027044  042000314                                         
60041500000027944071112066131001272778032    E100-200806INF018599               
40041506019164431427       0000027944                                           
60041510000032536071201320700100148316529    E100-200806INF018599               
40041516019164432384       0000032536                                           
600415200000276640712013208658234   394531   E100-200806INF018607               
40041526019164412779       0000027664                                           
60041530000011743071208297117668    109510   E100-200806INF018604               
40041536019164433073       0000011743                                           
60041540000053427071901604810045047034486    E100-200806INF018601               
40041546019164423109       0000053427                                           
600415500000141460719023995101008   11347    E100-200806INF018603               
40041556019164422753       0000014146                                           
60041560000069184071904779154511853040724    E100-200806INF018604               
40041566019164429533       0000069184                                           
600415700006260130719155804-297-513-106668   E100-200806INF018604               
40041576019164435084       0000626013                                           
6004158000063515407192328487650-316783648    E100-200806INF018607               
40041586019164378685       0000635154                                           
600415900001874190719254443805462162350082   E100-200806INF018607               
4004159601 164413054       0000001336                                           
40041596029164413112       0000186083                                           
600416000000257370719255384086753   107249   E100-200806INF018603               
40041606019164437704       0000025737                                           
600416100000496850719261974200000431108020   E100-200806INF018603               
40041616019164436314       0000049685                                           
600416200001398730719263751100148   44523    E100-200806INF018604               
4004162601 164423768       0000136279                                           
40041626029164443961       0000003594                                           
60041630000033255072000096106400599210235    E100-200806INF018600               
40041636019164430322       0000033255                                           
600416400000317560720000961840118333122475   E100-200806INF018607               
40041646019164436161       0000031756                                           
60041650000028016072000096185209831681099    E100-200806INF018603               
40041656019164431132       0000028016                                           
600416600000403870720000961852701471162541   E100-200806INF018602               
40041666019164440485       0000040387                                           
60041670000023346072000096185293776069524    E100-200806INF018600               
40041676019164442055       0000023346                                           
60041680000009278072000326229981161 20675    E100-200806INF018606               
40041686019164439780       0000009278                                           
60041690000015792072000326555788285 100108   E100-200806INF018599               
40041696019164412970       0000015792                                           
60041700000034269072000326555936355 20112    E100-200806INF018599               
40041706019164412957       0000034269                                           
60041710000256350072000326637427287 271722   E100-200806INF018599               
40041716019164442724       0000256350                                           
60041720000135829072000326650178700 92896    E100-200806INF018598               
40041726019164437005       0000135829                                           
60041730000137981072000326686851080 316804   E100-200806INF018599               
40041736019164423198       0000137981                                           
60041740000439600072000805375004275335664    E100-200806INF018607               
4004174601 164443689       0000150494                                           
4004174602 164443690       0000143933                                           
40041746039164443691       0000145173                                           
600417500000243560724000522-436009  38903    E100-200806INF018598               
40041756019164434894       0000024356                                           
60041760000063386072403473115325129776614    E100-200806INF018599               
40041766019164436322       0000063386                                           
600417700002862700724034731153428075107247   E100-200806INF018602               
4004177601 164401546       0000147818                                           
40041776029164437814       0000138452                                           
60041780000001462072406768800003770810459    E100-200806INF018604               
40041786019164434440       0000001462                                           
60041790000067499072410013249016438786882    E100-200806INF018600               
40041796019164437854       0000067499                                           
60041800000071588072410013255131548041483    E100-200806INF018600               
40041806019164439802       0000071588                                           
6004181000002797507241001325516100703846     E100-200806INF018599               
40041816019164432976       0000027975                                           
6004182000006685007241001325521955019819     E100-200806INF018607               
40041826019164428903       0000066850                                           
60041830000124472072410013538559943970982    E100-200806INF018602               
40041836019164428163       0000124472                                           
6004184000003899907241001354080267631046     E100-200806INF018604               
40041846019164429144       0000038999                                           
60041850000075007072410013800003771673507    E100-200806INF018604               
40041856019164434440       0000075007                                           
60041860000051936072412972571-3114  57345    E100-200806INF018599               
40041866019164440412       0000051936                                           
60041870000031740072413735100-03853-73835    E100-200806INF018607               
40041876019164431223       0000031740                                           
60041880000036988072413735800001208 140002   E100-200806INF018602               
40041886019164424003       0000036988                                           
60041890000027984072413829100073543 63724    E100-200806INF018600               
4004189601 164438791       0000026301                                           
40041896029164438795       0000001683                                           
60041900000024520072413829100129402 45175    E100-200806INF018598               
40041906019164438325       0000024520                                           
60041910000032744072413829100135250 207331   E100-200806INF018599               
40041916019164426438       0000032744                                           
60041920000008418072413829410025126753640    E100-200806INF018606               
40041926019164423350       0000008418                                           
60041930000052679072413829410038890430190    E100-200806INF018599               
40041936019164439563       0000052679                                           
60041940000049747072413829410038900290203    E100-200806INF018599               
40041946019164440159       0000049747                                           
60041950000038013072413829410038905760192    E100-200806INF018599               
40041956019164438633       0000038013                                           
60041960000033802072413829410038910080171    E100-200806INF018599               
40041966019164440205       0000033802                                           
60041970000029364072413829410038923550172    E100-200806INF018599               
40041976019164437088       0000029364                                           
60041980000008882072413829410038928070146    E100-200806INF018599               
40041986019164440224       0000008882                                           
600419900000490370724138457200-243-638398    E100-200806INF018599               
4004199601 164374834       0000000607                                           
40041996029164412645       0000048430                                           
8004000632530A20080600500004410102                                              
5005000632530A20080673027044  042000314                                         
6005200000002116007241423911114154  56189    E100-200806INF018599               
40052006019164430297       0000021160                                           
60052010000003650072414255-8406-1   10831    E100-200806INF018604               
40052016019164434440       0000003650                                           
600520200000779870724143782510246   44248    E100-200806INF018599               
40052026019164432705       0000077987                                           
6005203000031653007241448820016713  51782    E100-200806INF018604               
4005203601 164345234       0000157900                                           
40052036029164421540       0000158630                                           
60052040000241374073000228943628172054992    E100-200806INF018604               
4005204601 164374642       0000000000                                           
40052046029164394347       0000241374                                           
60052050000243790073000228943628172054996    E100-200806INF018604               
40052056019164432302       0000243790                                           
6005206000001511607490371910108310388714     E100-200806INF018606               
40052066019164433993       0000015116                                           
60052070000061439075000019832279178 103404   E100-200806INF018603               
4005207601 164441742       0000059899                                           
40052076029164441747       0000001540                                           
60052080000002713081019133130025372 33697    E100-200806INF018602               
40052086019164432844       0000002713                                           
600520900000265800819048082910165255144823   E100-200806INF018599               
40052096019164392876       0000026580                                           
6005210000001920008290087212897036  8173     E100-200806INF018599               
40052106019164422958       0000019200                                           
600521100000499480829072732705176   79575    E100-200806INF018606               
40052116019164421949       0000049948                                           
600521200000629810829072732705176   79753    E100-200806INF018606               
40052126019164421949       0000062981                                           
600521300000018390839006805189081237159      E100-200806INF018606               
40052136019164358983       0000001839                                           
600521400000018390839006805189081237160      E100-200806INF018606               
40052146019164397132       0000001839                                           
6005215000004308608390133388927     127799   E100-200806INF018603               
40052156019164430589       0000043086                                           
600521600000658900839023169201009   40903    E100-200806INF018607               
40052166019164437810       0000065890                                           
600521700000273700840089472033751   34304    E100-200806INF018599               
40052176019164420659       0000027370                                           
600521800003533190842012782255022   25457    E100-200806INF018601               
40052186019164393098       0000353319                                           
6005219000000458308420129410001589  38354    E100-200806INF018607               
40052196019164435204       0000004583                                           
6005220000001157208420129410001600  17761    E100-200806INF018607               
40052206019164435204       0000011572                                           
6005221000000366608420129410001622  12170    E100-200806INF018607               
40052216019164435204       0000003666                                           
60052220000024488086300012105254411 14161    E100-200806INF018598               
40052226019164424082       0000024488                                           
60052230000020861086300041769124993715995    E100-200806INF018599               
40052236019164429947       0000020861                                           
60052240000017607086300041769253801518683    E100-200806INF018599               
40052246019164429947       0000017607                                           
6005225000002330708630004176932857729951     E100-200806INF018599               
40052256019164429947       0000023307                                           
6005226000000671008630004176932858229055     E100-200806INF018599               
40052266019164429947       0000006710                                           
6005227000000484608630004176932860105004     E100-200806INF018599               
40052276019164429947       0000004846                                           
6005228000000923308630004176936805194182     E100-200806INF018599               
40052286019164429947       0000009233                                           
60052290000033182086300041999690154334351    E100-200806INF018599               
40052296019164429947       0000033182                                           
60052300000022698086300041999690164256868    E100-200806INF018599               
40052306019164429947       0000022698                                           
60052310000013382086300041999690174166215    E100-200806INF018599               
40052316019164429947       0000013382                                           
60052320000042623086300041999690174166216    E100-200806INF018599               
40052326019164429947       0000042623                                           
60052330000049476091000019687345165 50800    E100-200806INF018598               
4005233601 164428168       0000043064                                           
4005233602 164428559       0000001788                                           
40052336039164441301       0000004624                                           
6005234000003670409100002210479083738922     E100-200806INF018598               
4005234601 164437201       0000035804                                           
40052346029164437205       0000000900                                           
600523500009389860910000221602343996200376   E100-200806INF018598               
4005235601 164348168       0000462418                                           
40052356029164386252       0000476568                                           
600523600000191720914005251003178   1868     E100-200806INF018602               
4005236601 164359259       0000009586                                           
40052366029164397292       0000009586                                           
60052370000019727091903608100001830911664    E100-200806INF018598               
40052376019164438083       0000019727                                           
60052380000057539092901683513679    46524    E100-200806INF018598               
40052386019164443679       0000057539                                           
60052390000015000101000019114070496 29721    E100-200806INF018602               
40052396019164425235       0000015000                                           
60052400000186924101000695540000116 1030276  E100-200806INF018602               
40052406019164384485       0000186924                                           
600524100021356121010006959870964910205401   E100-200806INF018598               
40052416019164417326       0002135612                                           
600524200002696271010006959870964910205424   E100-200806INF018598               
40052426019164417326       0000269627                                           
600524300000455081010006959870964910205443   E100-200806INF018598               
40052436019164417122       0000045508                                           
60052440000006620101000695987208645732169    E100-200806INF018598               
40052446019225141          0000006620                                           
60052450000006620101000695987208645732170    E100-200806INF018598               
40052456019225142          0000006620                                           
6005246000028493410110002941663179  405278   E100-200806INF018601               
40052466019164384694       0000284934                                           
600524700000727391011021371150000721125073   E100-200806INF018607               
40052476019164442279       0000072739                                           
60052480000185446101218704430000640 40360    E100-200806INF018602               
40052486019164386348       0000185446                                           
600524900005727861012190175008007152143015   E100-200806INF018601               
4005249601 164431439       0000570273                                           
40052496029164431450       0000002513                                           
8005000632530A20080600500006777989                                              
5006000632530A20080673027044  042000314                                         
60062500000027645101219017500801642959347    E100-200806INF018601               
40062506019225141          0000027645                                           
60062510000029588101219017500801642959348    E100-200806INF018606               
40062516019225142          0000029588                                           
60062520000072885102000021103690000752433    E100-200806INF018600               
40062526019164422721       0000072885                                           
600625300001281681020000761018051047611717   E100-200806INF018600               
40062536019164422714       0000128168                                           
60062540000024881102000076226201469259510    E100-200806INF018600               
40062546019164436591       0000024881                                           
60062550000018232102001017193386776 25378    E100-200806INF018600               
40062556019164437721       0000018232                                           
600625600000182111021001383332276   33900    E100-200806INF018602               
40062566019225141          0000018211                                           
600625700000156781021001383332276   33901    E100-200806INF018602               
40062576019225142          0000015678                                           
60062580000011509103000017305006506276903    E100-200806INF018598               
40062586019164441498       0000011509                                           
60062590000193044103002691265283611019425    E100-200806INF018602               
40062596019164422120       0000193044                                           
600626000001955571031005511615100784260018568E100-200806INF018604               
40062606019164432849       0000195557                                           
60062610000042415107001067987238996432062    E100-200806INF018606               
40062616019164422398       0000042415                                           
6006262000001843810700504731555677777499     E100-200806INF018600               
40062626019164435154       0000018438                                           
60062630000252654107005047733122017311843    E100-200806INF018600               
40062636019164435154       0000252654                                           
6006264000001137910700504773312283603331     E100-200806INF018600               
40062646019164435154       0000011379                                           
6006265000001753010700504778750326791733     E100-200806INF018606               
40062656019164431219       0000017530                                           
60062660000868035111000614790414726 100002695E100-200806INF018598               
4006266601 164437023       0000064009                                           
40062666029164439396       0000804026                                           
600626700001870441110007531881231300430450   E100-200806INF018603               
40062676019164441288       0000187044                                           
60062680000309525111300880790169502 138526   E100-200806INF018602               
4006268601 164441911       0000276440                                           
40062686029164442640       0000033085                                           
600626900000626441120176194098013   999082   E100-200806INF018604               
40062696019164423180       0000062644                                           
6006270000015513511302416433002497483570     E100-200806INF018598               
40062706019164388912       0000155135                                           
6006271000012011811499410920050399  51265    E100-200806INF018603               
40062716019164422509       0000120118                                           
600627200001765501210002484113003453101158   E100-200806INF018602               
4006272601 164430868       0000143700                                           
4006272602 164435847       0000016230                                           
40062726039164437058       0000016620                                           
600627300000109821210002484122032493326995   E100-200806INF018600               
40062736019164429981       0000010982                                           
600627400000016951210002484122032493327016   E100-200806INF018600               
40062746019164412513       0000001695                                           
600627500003082521210002484122032493327021   E100-200806INF018600               
40062756019164426255       0000308252                                           
60062760000055806121000248412239409130682    E100-200806INF018600               
40062766019164429511       0000055806                                           
60062770000037681121000248412326686810819    E100-200806INF018600               
40062776019164426100       0000037681                                           
60062780000079156121000248412444716074773    E100-200806INF018599               
40062786019164425955       0000079156                                           
6006279000012347212100024841248096417455     E100-200806INF018598               
40062796019164425915       0000123472                                           
60062800000227843121000248412639561515026    E100-200806INF018600               
40062806019164426086       0000227843                                           
600628100003089471210002484334918695401000700E100-200806INF018601               
4006281601 164348364       0000012838                                           
4006281602 164364865       0000028919                                           
4006281603 164368042       0000037856                                           
4006281604 164385745       0000068349                                           
4006281605 164387167       0000020429                                           
4006281606 164404587       0000015912                                           
4006281607 164404705       0000040390                                           
4006281608 164404746       0000015320                                           
40062816099164406011       0000068934                                           
60062820000121233121000248448240423350000046 E100-200806INF018598               
4006282601 164421359       0000001326                                           
40062826029164423093       0000119907                                           
60062830000363123121000248457049824638147    E100-200806INF018606               
4006283601 164438554       0000000000                                           
4006283602 164438564       0000000000                                           
4006283603 164439594       0000205041                                           
40062836049164439861       0000158082                                           
600628400002075721210002484614052256196944   E100-200806INF018602               
40062846019164426234       0000207572                                           
6006285000000024212100024848912089441126     E100-200806INF018606               
40062856019164411844       0000000242                                           
60062860000286063121000358123359293049507    E100-200806INF018600               
4006286601 164442537       0000003692                                           
40062866029164442977       0000282371                                           
60062870000002396121042882273445818110362    E100-200806INF018603               
40062876019164430544       0000002396                                           
60062880000083552121042882273445818110363    E100-200806INF018603               
40062886019164432043       0000083552                                           
60062890000045256121042882314047325 23455    E100-200806INF018598               
40062896019164436989       0000045256                                           
6006290000058770212110078242100248  104047   E100-200806INF018603               
4006290601 164398430       0000297167                                           
40062906029164436210       0000290535                                           
60062910000019084121102036400199521125992    E100-200806INF018599               
40062916019164440901       0000019084                                           
60062920000037878121122676157503849117769    E100-200806INF018598               
40062926019164430670       0000037878                                           
60062930000141184121137522189512649612416    E100-200806INF018600               
40062936019164440605       0000141184                                           
6006294000009360312113752218954678901073     E100-200806INF018601               
40062946019164422602       0000093603                                           
60062950000086652121140399330158784945319379 E100-200806INF018601               
4006295601 164405179       0000051092                                           
40062956029164441889       0000035560                                           
60062960000040770121140399330158784945319575 E100-200806INF018601               
40062966019164414224       0000040770                                           
60062970000119538121140399330158784945353420 E100-200806INF018607               
40062976019164436449       0000119538                                           
6006298000000090512200024770382666693959     E100-200806INF018600               
40062986019164429819       0000000905                                           
60062990000002624122000247703826667720153    E100-200806INF018600               
40062996019164429819       0000002624                                           
8006000632530A20080600500006350076                                              
5007000632530A20080673027044  042000314                                         
60073000000037254122000496350009388 109547   E100-200806INF018601               
40073006019164432606       0000037254                                           
6007301000006678412200049663339287  23216    E100-200806INF018600               
40073016019164429128       0000066784                                           
6007302000003308312200066114530-3892158383   E100-200806INF018601               
4007302601 164425391       0000000098                                           
40073026029164426122       0000032985                                           
6007303000013809712200066114533-316019762    E100-200806INF018600               
40073036019164430283       0000138097                                           
60073040000902838122000661145391831210520    E100-200806INF018607               
4007304601 164376699       0000011096                                           
40073046029164376868       0000891742                                           
6007305000028669012200066114539185105065     E100-200806INF018607               
4007305601 164376726       0000002937                                           
40073056029164376889       0000283753                                           
60073060000102386122000661488111885 16889    E100-200806INF018601               
40073066019164443099       0000102386                                           
60073070000059972122000661636210859 20927    E100-200806INF018600               
40073076019164434718       0000059972                                           
60073080000046324122016066112-473556178582   E100-200806INF018598               
40073086019164384984       0000046324                                           
60073090000005736122016066112473521 260909   E100-200806INF018598               
40073096019164384250       0000005736                                           
6007310000002257412201606623931125  43353    E100-200806INF018603               
40073106019164422746       0000022574                                           
60073110000031619122016066412-10649048517    E100-200806INF018607               
40073116019164432253       0000031619                                           
600731200000222981220428071119214   14615    E100-200806INF018601               
40073126019164439587       0000022298                                           
600731300000135501220428071119222   16433    E100-200806INF018601               
40073136019164439587       0000013550                                           
600731400000106341220428071119230   15888    E100-200806INF018601               
40073146019164439587       0000010634                                           
600731500000116641220428071119249   8498     E100-200806INF018601               
40073156019164439587       0000011664                                           
600731600000155521220428073110079   5546     E100-200806INF018601               
40073166019164439587       0000015552                                           
600731700000057351220428073110222   3060     E100-200806INF018601               
40073176019164439587       0000005735                                           
600731800000038881220428073113000   1875     E100-200806INF018601               
40073186019164439587       0000003888                                           
600731900000219881220428073113019   5618     E100-200806INF018601               
40073196019164439587       0000021988                                           
600732000000029161220428073416930   619      E100-200806INF018601               
40073206019164439587       0000002916                                           
600732100000655521220428074106296   36114    E100-200806INF018601               
40073216019164430248       0000065552                                           
600732200000294191220428075014801   151282   E100-200806INF018598               
40073226019164384946       0000029419                                           
60073230000287077122043602-900255   35175    E100-200806INF018600               
40073236019164439482       0000287077                                           
6007324000001860612204386435183713983164     E100-200806INF018600               
40073246019164436717       0000018606                                           
60073250000063948122100024813199296 4619     E100-200806INF018602               
40073256019164412842       0000063948                                           
60073260000010736122101191327066544535441    E100-200806INF018598               
40073266019164435899       0000010736                                           
6007327000002715512210532040001876  26723    E100-200806INF018598               
40073276019164422747       0000027155                                           
6007328000026151412210564756688542  82921    E100-200806INF018602               
4007328601 164384007       0000260346                                           
40073286029164385530       0000001168                                           
600732900000477741221059808070504197100755   E100-200806INF018608               
40073296019164440861       0000047774                                           
600733000000772901221059808079851749101030   E100-200806INF018608               
40073306019164440861       0000077290                                           
600733100000394061221059808223958361100657   E100-200806INF018608               
40073316019164440861       0000039406                                           
600733200000462621221059808321721048100686   E100-200806INF018608               
40073326019164440861       0000046262                                           
600733300000423101221059808379240229100646   E100-200806INF018608               
40073336019164440861       0000042310                                           
600733400000449001221059808419483731100678   E100-200806INF018608               
40073346019164440861       0000044900                                           
600733500000424201221059808477002911100653   E100-200806INF018608               
40073356019164440861       0000042420                                           
600733600000371801221059808532694393100608   E100-200806INF018608               
40073366019164440861       0000037180                                           
600733700000562021221059808548142371100787   E100-200806INF018608               
40073376019164440861       0000056202                                           
600733800000514421221059808605661550100916   E100-200806INF018608               
40073386019164440861       0000051442                                           
600733900000452541221059808645905052100776   E100-200806INF018608               
40073396019164440861       0000045254                                           
600734000000619361221059808700426747100597   E100-200806INF018608               
40073406019164440861       0000061936                                           
600734100000348901221059808703424233100681   E100-200806INF018608               
40073416019164440861       0000034890                                           
600734200000174101221059808720252900100098   E100-200806INF018608               
40073426019164440861       0000017410                                           
600734300000576541221059808743667736100664   E100-200806INF018608               
40073436019164440861       0000057654                                           
600734400000388821221059808832082872100685   E100-200806INF018608               
40073446019164440861       0000038882                                           
600734500000274201221059808887774352100504   E100-200806INF018608               
40073456019164440861       0000027420                                           
600734600000603641221059808911400091100591   E100-200806INF018608               
40073466019164440861       0000060364                                           
600734700000499501221059808954641083100705   E100-200806INF018608               
40073476019164440861       0000049950                                           
60073480000057671122187212130007321 16768    E100-200806INF018602               
40073486019164426782       0000057671                                           
60073490000054878122232109214008424117622    E100-200806INF018598               
40073496019164442484       0000054878                                           
8007000632530A20080600500003597084                                              
5008000632530A20080673027044  042000314                                         
60083500000070785122234149604002483 28610    E100-200806INF018605               
40083506019164426477       0000070785                                           
60083510000042199122238200206028149850252    E100-200806INF018603               
40083516019164431657       0000042199                                           
60083520000023588122238200400183472 65330    E100-200806INF018600               
40083526019164421066       0000023588                                           
60083530000004434122238420255162833 3466     E100-200806INF018600               
40083536019164429819       0000004434                                           
60083540000009864122238420948968979613078    E100-200806INF018600               
40083546019164429819       0000009864                                           
600835500000070591222418021509799   43916    E100-200806INF018600               
40083556019164405390       0000007059                                           
60083560000021132122243813131005779 10365    E100-200806INF018607               
40083566019164435505       0000021132                                           
600835700000365771222450441005839   10081    E100-200806INF018607               
40083576019164440659       0000036577                                           
60083580000049760122400724501014704219585    E100-200806INF018604               
40083586019164426232       0000049760                                           
60083590000062946122400724501014706652553    E100-200806INF018599               
40083596019164437904       0000062946                                           
60083600000036557122400779542057963 90941    E100-200806INF018600               
40083606019164433376       0000036557                                           
60083610000008965123205054973332554 17048    E100-200806INF018603               
40083616019164434721       0000008965                                           
60083620000253810124000054982402968 600000007E100-200806INF018598               
40083626019164395043       0000253810                                           
60083630000333916124000737449681034532234    E100-200806INF018607               
40083636019164437148       0000333916                                           
600836400003847691240029711608495477111527   E100-200806INF018606               
40083646019164390044       0000384769                                           
6008365000001215612400297126280597724457     E100-200806INF018606               
40083656019164390044       0000012156                                           
6008366000000435412400297168855360911320     E100-200806INF018606               
40083666019164390044       0000004354                                           
60083670000124892124002971773318379743640    E100-200806INF018606               
40083676019164390044       0000124892                                           
6008368000000338612400297191963242152621     E100-200806INF018606               
40083686019164390044       0000003386                                           
60083690000021593125100089100364933224060    E100-200806INF018604               
40083696019164412711       0000021593                                           
60083700000058207211070175120068804736913    E100-200806INF018601               
4008370601 164387067       0000057535                                           
40083706029164387100       0000000672                                           
60083710000036319211170101100010889026203    E100-200806INF018602               
40083716019164442992       0000036319                                           
6008372000000153721117010110001111894491     E100-200806INF018602               
400837260194331            0000001537                                           
60083730000015867211179607300748120 663840   E100-200806INF018602               
40083736019164431351       0000015867                                           
6008374000000751021127457361000375111334     E100-200806INF018602               
4008374601 164399973       0000003755                                           
40083746029164438102       0000003755                                           
60083750000004981211370888880143383 13082    E100-200806INF018607               
40083756019164437568       0000004981                                           
60083760000029862211371120564817474 22920    E100-200806INF018606               
40083766019164424352       0000029862                                           
60083770000099832221172241498003638 530805   E100-200806INF018602               
40083776019164435876       0000099832                                           
60083780000023793221283512810797112 2337     E100-200806INF018607               
40083786019164425599       0000023793                                           
600837900000530882312703531700600001102944   E100-200806INF018607               
40083796019164408240       0000053088                                           
60083800000097036231270353540406546 7777     E100-200806INF018603               
40083806019164423497       0000097036                                           
600838100000193552360756899500220190181117   E100-200806INF018602               
40083816019164422224       0000019355                                           
600838200000009132360756899500220208400928   E100-200806INF018603               
40083826019164422150       0000000913                                           
600838300000611082360756899500220216107668   E100-200806INF018603               
4008383601 164422039       0000025363                                           
40083836029164422199       0000035745                                           
600838400000410182360756899500220232212684   E100-200806INF018603               
4008384601 164421562       0000035539                                           
40083846029164422128       0000005479                                           
6008385000004365724127206622485272  21925    E100-200806INF018602               
40083856019164438486       0000043657                                           
6008386000000175224127206622686268  89517    E100-200806INF018606               
40083866019164429504       0000001752                                           
60083870000004115251483023101074057415519    E100-200806INF018601               
40083876019164441007       0000004115                                           
60083880000115698253170279598105609 52340    E100-200806INF018599               
4008388601 164435239       0000003231                                           
40083886029164436058       0000112467                                           
6008389000016489225407011615390373  100192   E100-200806INF018603               
40083896019164412948       0000164892                                           
600839000001960312540741706506002   21435    E100-200806INF018603               
40083906019164438018       0000196031                                           
60083910000151938261170290100298282356972    E100-200806INF018600               
40083916019164440567       0000151938                                           
600839200000053122631844881729972   10497    E100-200806INF018599               
40083926019164442069       0000005312                                           
60083930000097389263191387148415676 73876    E100-200806INF018598               
40083936019164437919       0000097389                                           
6008394000005670326527041331150493  29192    E100-200806INF018602               
40083946019164425266       0000056703                                           
60083950000001644267084131478204956 9834     E100-200806INF018601               
4008395601 164420394       0000001076                                           
40083956029164421064       0000000568                                           
60083960000037194272471548886588506214300    E100-200806INF018600               
40083966019164436065       0000037194                                           
6008397000004433430408300819294204  701173   E100-200806INF018607               
40083976019164430879       0000044334                                           
60083980000135410307084211987257002538845    E100-200806INF018598               
40083986019164423577       0000135410                                           
6008399000000060231407426923973684  1724     E100-200806INF018606               
40083996019164421304       0000000602                                           
8008000632530A20080600500003119839                                              
5009000632530A20080673027044  042000314                                         
60094000000018691321081669800003058963578    E100-200806INF018607               
40094006019164431468       0000018691                                           
60094010000038119321081669800012243921593    E100-200806INF018607               
40094016019164386714       0000038119                                           
60094020000008166321081669800020699423611    E100-200806INF018607               
40094026019164431468       0000008166                                           
60094030000024107321081669800085114060293    E100-200806INF018607               
40094036019164433817       0000024107                                           
600940400000237523212707425053070545100123   E100-200806INF018600               
4009404601999590           0000023752                                           
60094050000045053321270742896343578276754    E100-200806INF018603               
40094056019164431708       0000045053                                           
6009406000002838332207038183904979  81261    E100-200806INF018598               
40094066019164426357       0000028383                                           
60094070000029050322271627125367562 6664     E100-200806INF018603               
40094076019164429770       0000029050                                           
60094080000080709322271627215376176 45295980 E100-200806INF018600               
40094086019164428538       0000080709                                           
60094090000135052322271627215376176 45301733 E100-200806INF018600               
40094096019164408262       0000135052                                           
60094100000010529322271627215376176 45303494 E100-200806INF018600               
4009410601 164438092       0000002491                                           
40094106029164439077       0000008038                                           
60094110000003549322271627215376176 45364599 E100-200806INF018607               
40094116019164443570       0000003549                                           
60094120000003027322271627215376176 45365462 E100-200806INF018607               
40094126019164392396       0000003027                                           
60094130000036293322271627215376176 45365764 E100-200806INF018607               
40094136019164392365       0000036293                                           
60094140000100192322271627215376176 45368918 E100-200806INF018607               
4009414601 164398926       0000050780                                           
40094146029164437629       0000049412                                           
60094150000031587322271627215376176 45375869 E100-200806INF018601               
40094156019164433856       0000031587                                           
60094160000040521322271627215376176 45381652 E100-200806INF018608               
40094166019164427362       0000040521                                           
60094170000003990322271627215376176 45384342 E100-200806INF018601               
40094176019164441693       0000003990                                           
60094180000040521322271627215376176 45386825 E100-200806INF018601               
40094186019164389715       0000040521                                           
6009419000003349532227162733707962696289     E100-200806INF018599               
40094196019164435658       0000033495                                           
60094200000002828322271724202792727 8028     E100-200806INF018606               
40094206019164427602       0000002828                                           
600942100001091753222733791120793   200820   E100-200806INF018601               
40094216019164436464       0000109175                                           
600942200000072513222733791120793   200821   E100-200806INF018601               
40094226019164437171       0000007251                                           
60094230000032624322285781401022694 51719    E100-200806INF018602               
40094236019164436195       0000032624                                           
60094240000111592324078909750000029 800044619E100-200806INF018598               
4009424601 164397373       0000087221                                           
40094246029164397895       0000024371                                           
60094250000035668325070760851258132 66882    E100-200806INF018603               
40094256019164438130       0000035668                                           
8009000632530A20080600260001033924                                              
9000953                                                                         
