1003359871525061112788 2008060958                                               
500100033310A 2008063359871525061112788                                        
6001001000007590006400004621578627701027     E100-200806INF018586               
4001001601 5000062256      0000046600                                           
4001001602 5000062773      0000002500                                           
400100160395000064376      0000026800                                           
60010020000000700072000326500144479321324    E100-200806INF018586               
400100260195000064711      0000000700                                           
800100033310A 20080600020000076600                                              
9000010                                                                         
