100304804991 021000021 2008060958                                               
500100028561A 200806304804991 021000021                                         
60010010000007323011307174100012118416932    E100-200806INF018591               
40010016019164442158       0000007323                                           
6001002000000763601160108710008750  70666    E100-200806INF018594               
40010026019164439046       0000007636                                           
600100300000613190312076078026415358144784   E100-200806INF018592               
40010036019164380425       0000061319                                           
60010040000004742071025661170528873827968    E100-200806INF018590               
40010046019164416879       0000004742                                           
600100500000047420711020769066237   3046     E100-200806INF018593               
40010056019164416695       0000004742                                           
6001006000000256807110256821203201  51845    E100-200806INF018590               
40010066019164415238       0000002568                                           
6001007000000067607110619522715     29823    E100-200806INF018594               
40010076019164415229       0000000676                                           
60010080000001290071111481185383112 13536    E100-200806INF018594               
40010086019164415251       0000001290                                           
60010090000002028071901604810007947731200    E100-200806INF018592               
40010096019164415228       0000002028                                           
6001010000002126807192382834872672  228295   E100-200806INF018592               
40010106019164415075       0000021268                                           
6001011000183225207192382834872672  228296   E100-200806INF018592               
40010116019164419206       0001832252                                           
600101200000013520812016957904001   29242    E100-200806INF018594               
40010126019164415482       0000001352                                           
60010130000502004091018302161008099 380702   E100-200806INF018592               
4001013601 164384998       0000499436                                           
40010136029164386827       0000002568                                           
6001014000001925211100001244273035226893     E100-200806INF018594               
40010146019164418616       0000019252                                           
60010150000077340111000025488038500137158    E100-200806INF018594               
40010156019164418974       0000077340                                           
600101600000146241110006148100090092493626   E100-200806INF018593               
40010166019164377580       0000014624                                           
60010170000296496121140399330092698691432    E100-200806INF018593               
40010176019164435428       0000296496                                           
600101800042216391224007244964891555762916   E100-200806INF018588               
4001018601 164380138       0000314814                                           
40010186029164381734       0003906825                                           
800100028561A 20080600180007078551                                              
9000042                                                                         
