1004426407445111000012 2008051020                                               
500100014670A 2008054426407445111000012                                         
60010010000050015021502011332028728048041    E100-200805INF018585               
40010016019164380167       0000050015                                           
600100200001000910410001531669504742782260   E100-200805INF018585               
400100260191000409865      0000100091                                           
600100300001456930441154432002662610535424   E100-200805INF018585               
40010036019164418781       0000145693                                           
6001004000066649806111278832991230366702     E100-200805INF018585               
4001004601 1000409573      0000167273                                           
4001004602 1000409715      0000479425                                           
400100460391000410259      0000019800                                           
6001005000661648406111278832999771008098707  E100-200805INF018585               
4001005601 1000410191      0006588584                                           
400100560291000410192      0000027900                                           
6001006000011581007200032683821902002284     E100-200805INF018585               
4001006601 1000410286      0000025650                                           
4001006602 164418637       0000088734                                           
40010066039164418640       0000001426                                           
800100014670A 20080500060007694591                                              
9000021                                                                         
