1004427686362111000025 2001291055                                               
5001000417772A2001294427686362111000025                                         
6001001000004900802100008949739256818052     E100-200129INF014970               
40010016019164168671       0000049008                                           
60010020000224137021000089498453302636242    E100-200129INF014970               
40010026019164121707       0000224137                                           
60010030000193102021000089678242134080483    E100-200129INF014970               
40010036019164177786       0000193102                                           
6001004000018331202100032248306596341152     E100-200129INF014970               
4001004601 164156229       0000177462                                           
40010046029164176745       0000005850                                           
60010050000008049021303618700850355336673    E100-200129INF014970               
40010056019164116132       0000008049                                           
600100600000412860213065471165374   21272    E100-200129INF014970               
40010066019164179085       0000041286                                           
60010070000305112022000046100211378384347    E100-200129INF014970               
40010076019164178385       0000305112                                           
600100800000058000220000468890685632476755   E100-200129INF014970               
40010086019164177807       0000005800                                           
600100900002671320220000468890685632476756   E100-200129INF014970               
40010096019164166749       0000267132                                           
600101000000435040223036591106224778313874   E100-200129INF014970               
40010106019164167227       0000043504                                           
60010110000152899026013220979000056358467    E100-200129INF014970               
4001011601 164158785       0000150786                                           
40010116029164158935       0000002113                                           
600101200000463340260135761502267651545956   E100-200129INF014970               
40010126019164139212       0000046334                                           
600101300002399130531015612079900566714005   E100-200129INF014970               
40010136019164161612       0000239913                                           
6001014000018122407192571688800044156444     E100-200129INF014970               
40010146019164163017       0000181224                                           
6001015000001694110100003535500253831316     E100-200129INF014970               
40010156019164168841       0000016941                                           
60010160000144416221970443410275401 92361    E100-200129INF014970               
40010166019164158814       0000144416                                           
6001017000000937622197044367004940612124     E100-200129INF014970               
40010176019164167787       0000009376                                           
8001000417772A20012900170002111545                                              
9000040                                                                         
