1003359871525061112788 2007311053                                               
500100033310A 2007313359871525061112788                                         
6001001000009298612114187718303909002856     E100-200731INF018453               
4001001601 5000046984      0000001724                                           
4001001602 5000061713      0000020256                                           
4001001603 5000063031      0000020257                                           
400100160495000063897      0000050749                                           
60010020000001600211871691227030370064871    E100-200731INF018453               
400100260195000063845      0000001600                                           
6001003000001637832337107688060052671467     E100-200731INF018453               
4001003601 5000046977      0000005926                                           
4001003602 5000061685      0000003340                                           
400100360395000063878      0000007112                                           
800100033310A 20073100030000110964                                              
9000015                                                                         
