1003359871525061112788  2008051020                                               
500100033310A 2008053359871525061112788                                         
6001001000012780010490217210323250002489     E100-200805INF018547               
4001001601 5000062287      0000067200                                           
4001001602 5000062784      0000006100                                           
4001001603 5000063305      0000050000                                           
400100160495000064402      0000004500                                           
6001002000006416212100035850202520185730     E100-200805INF018547               
400100260195000063433      0000064162                                           
800100033310A 20080500020000191962                                              
9000011                                                                         
