1003359871525061112788  2008041323                                               
500100033310A 2008043359871525061112788                                         
6001001000001470002190693496255315001675     E100-200804INF018519               
4001001601 5000063061      0000010200                                           
400100160295000063954      0000004500                                           
6001002000007730003100050378874574277921     E100-200804INF018519               
400100260195000064008      0000077300                                           
6001003000002770007200009618525723104483     E100-200804INF018519               
4001003601 5000062229      0000019400                                           
400100360295000064345      0000008300                                           
60010040000018800091915751523055000 6216     E100-200804INF018519               
4001004601 5000062165      0000016500                                           
400100460295000064282      0000002300                                           
60010050000029200125000024118966020040138    E100-200804INF018519               
4001005601 5000063259      0000008200                                           
400100560295000064318      0000021000                                           
800100033310A 20080400050000167700                                              
9000018                                                                         
