1004426407445111000012 2008060958                                               
500100014670A 2008064426407445111000012                                         
600100100004108770441154433018108310424140   E100-200806INF018609               
4001001601 1000410051      0000375619                                           
40010016029164440764       0000035258                                           
600100200003482520710000137252662200120139   E100-200806INF018609               
4001002601 1000409847      0000318952                                           
4001002602 164430436       0000000500                                           
40010026039164430741       0000028800                                           
6001003000033465607192382830269299003888     E100-200806INF018609               
400100360191000409448      0000334656                                           
6001004000132825907192571694420000  648766   E100-200806INF018609               
4001004601 1000410102      0001209106                                           
40010046029164417535       0000119153                                           
800100014670A 20080600040002422044                                              
9000016                                                                         
