1004426407445111000012 2001291055                                               
500100014670A 2001294426407445111000012                                         
600100100001444790210000212592216720127752   E100-200129INF014986               
4001001601 1000370614      0000097226                                           
40010016029164156232       0000047253                                           
6001002000003686705200011398464877275031255  E100-200129INF014986               
4001002601 164168572       0000036507                                           
40010026029164168598       0000000360                                           
6001003000007310006111278832999685541197     E100-200129INF014986               
4001003601 1000026337      0000000000                                           
4001003602 1000049848      0000000000                                           
4001003603 1000066728      0000000000                                           
4001003604 1000067073      0000000000                                           
4001003605 1000106886      0000000000                                           
4001003606 1000131904      0000003500                                           
4001003607 1000164013      0000000000                                           
4001003608 1000170884      0000000000                                           
4001003609 1000186587      0000000000                                           
4001003610 1000186864      0000014500                                           
4001003611 1000234481      0000003500                                           
4001003612 1000234495      0000021100                                           
4001003613 1000234567      0000003500                                           
4001003614 1000235873      0000013000                                           
4001003615 1000242656      0000000000                                           
4001003616 1000244278      0000007000                                           
4001003617 1000244309      0000007000                                           
4001003618 1000244311      0000000000                                           
400100361998000001111      0000000000                                           
6001004000017170106111278832999685541198     E100-200129INF014986               
4001004601 1000026337      0000000000                                           
4001004602 1000049848      0000000000                                           
4001004603 1000066728      0000000000                                           
4001004604 1000067073      0000000000                                           
4001004605 1000131904      0000003500                                           
4001004606 1000164013      0000000000                                           
4001004607 1000170884      0000011450                                           
4001004608 1000186587      0000000000                                           
4001004609 1000186864      0000014150                                           
4001004610 1000234481      0000003500                                           
4001004611 1000234495      0000021100                                           
4001004612 1000234567      0000003500                                           
4001004613 1000235873      0000013000                                           
4001004614 1000244278      0000000000                                           
4001004615 1000252520      0000061491                                           
4001004616 1000252942      0000009500                                           
4001004617 1000255309      0000015510                                           
4001004618 1000255391      0000015000                                           
400100461998000001111      0000000000                                           
600100500020527070611127883359807529730569   E100-200129INF014986               
4001005601 1000370652      0001897629                                           
4001005602 164145073       0000001325                                           
4001005603 164181172       0000001325                                           
40010056049164181777       0000152428                                           
60010060000939094071923284876581719783376    E100-200129INF014986               
4001006601 1000252795      0000345498                                           
4001006602 1000370126      0000478496                                           
4001006603 163769533       0000060500                                           
40010066049164158947       0000054600                                           
600100700001380021031001793153553000211842   E100-200129INF014986               
4001007601 1000371214      0000121002                                           
40010076029164175724       0000017000                                           
60010080001793663121000248412181223475236    E100-200129INF014986               
4001008601 1000353729      0000410742                                           
4001008602 1000358502      0000339036                                           
4001008603 1000364705      0000352090                                           
4001008604 1000370203      0000423955                                           
4001008605 164045988       0000089460                                           
4001008606 164081089       0000088380                                           
40010086079164117567       0000090000                                           
60010090000088920121000248412181223475377    E100-200129INF014986               
40010096019164157616       0000088920                                           
6001010000053484421187169195823299504808     E100-200129INF014986               
4001010601 1000364640      0000228564                                           
4001010602 1000370137      0000230423                                           
4001010603 164126534       0000038192                                           
40010106049164166136       0000037665                                           
800100014670A 20012900100005973377                                              
9000078                                                                         
