1004427686362111000025 2008051020                                               
5001000417772A2008054427686362111000025                                         
60010010000004852021301115135143370 24747    E100-200805INF018559               
40010016019164435939       0000004852                                           
60010020000205712021309379601816945 135829   E100-200805INF018559               
40010026019164430656       0000205712                                           
600100300002541290213093796301405514309500   E100-200805INF018559               
40010036019164385542       0000254129                                           
60010040000472913021309379630149412055536    E100-200805INF018559               
4001004601 164429521       0000017650                                           
40010046029164433361       0000455263                                           
60010050000116496021309379836780957 509739   E100-200805INF018559               
4001005601 164375179       0000058248                                           
40010056029164413027       0000058248                                           
60010060000020974021313925770700004318085    E100-200805INF018559               
40010066019164424627       0000020974                                           
6001007000031709902200004612639167  59891    E100-200805INF018559               
400100760191279172         0000317099                                           
60010080000113030022000046889161393035347    E100-200805INF018559               
40010086019164430934       0000113030                                           
60010090000029667022000046983100098017045    E100-200805INF018559               
40010096019164431180       0000029667                                           
600101000001013680220000469862381549238238   E100-200805INF018559               
40010106019164424228       0000101368                                           
600101100000122360220000469862382646160251   E100-200805INF018559               
40010116019164432702       0000012236                                           
600101200000205560220000469876305849604274   E100-200805INF018559               
40010126019164436995       0000020556                                           
60010130000000976022300173476597302 3945     E100-200805INF018559               
40010136019164435624       0000000976                                           
60010140000004833022300173949423305 5601     E100-200805INF018559               
40010146019164436877       0000004833                                           
60010150000021510022303659110198433237065    E100-200805INF018559               
40010156019164430704       0000021510                                           
60010160000006302022303659110198433237066    E100-200805INF018559               
40010166019164444169       0000006302                                           
60010170000028394022303659110198433237074    E100-200805INF018559               
40010176019164441568       0000028394                                           
60010180000008677022303659110714600212063    E100-200805INF018559               
40010186019164441304       0000008677                                           
60010190000002929022304030274770008 11817    E100-200805INF018559               
40010196019164437024       0000002929                                           
60010200000007998022304030751475246 27276    E100-200805INF018559               
40010206019164443407       0000007998                                           
60010210000018852022304616216224270 16621    E100-200805INF018559               
40010216019164434813       0000018852                                           
600102200000409040260135761502267651602810   E100-200805INF018559               
40010226019164439546       0000040904                                           
600102300000929650430188687400977356181050   E100-200805INF018559               
40010236019164425894       0000092965                                           
600102400001886690433016019061900   75747    E100-200805INF018559               
4001024601 164438342       0000181430                                           
40010246029164438353       0000007239                                           
600102500000774291210002482000022243300000186E100-200805INF018559               
40010256019164338795       0000077429                                           
60010260000290657221370632100000015130073583 E100-200805INF018559               
4001026601 164420789       0000290164                                           
40010266029164433645       0000000493                                           
6001027000028512722207942462230735701367     E100-200805INF018559               
40010276019164424007       0000285127                                           
60010280000009901322271627215376176 45360926 E100-200805INF018559               
40010286019164420609       0000009901                                           
8001000417772A20080500280002755155                                              
9000064                                                                         
