1004427686362111000025 2002060922                                               
5001000417772A2002064427686362111000025                                         
6001001000007991402100002169029985412023369  E100-200206INF015133               
40010016019164159928       0000079914                                           
60010020000016086021000322483044791310381    E100-200206INF015133               
40010026019164216173       0000016086                                           
60010030001069572021000322483065966259352    E100-200206INF015133               
40010036019164190702       0001069572                                           
60010040000017339021000322483065966259353    E100-200206INF015133               
40010046019164190726       0000017339                                           
6001005000005391602120002541223579164263     E100-200206INF015133               
40010056019164197308       0000053916                                           
6001006000004564002120138321759155  49997    E100-200206INF015133               
40010066019164209802       0000045640                                           
60010070000027282021300077507001378 7196     E100-200206INF015133               
40010076019164203340       0000027282                                           
600100800000534400213009129758159   65121    E100-200206INF015133               
40010086019164209759       0000053440                                           
60010090000006640021301115132093014 11631    E100-200206INF015133               
40010096019164208865       0000006640                                           
60010100000004364021301115135143370 24530    E100-200206INF015133               
40010106019164209081       0000004364                                           
600101100000021640213026481101244487101733   E100-200206INF015133               
40010116019164192865       0000002164                                           
60010120000042102021302648111277777 19045    E100-200206INF015133               
40010126019164192865       0000042102                                           
60010130000005704021302648111287683 5377     E100-200206INF015133               
40010136019164207913       0000005704                                           
60010140000009006021303618614149424 212805   E100-200206INF015133               
40010146019164192865       0000009006                                           
60010150000082263021303618614149432 224012   E100-200206INF015133               
40010156019164192865       0000082263                                           
60010160000012745021303618614316053 21812    E100-200206INF015133               
40010166019164208390       0000012745                                           
60010170000196932021306822797019278 100146500E100-200206INF015133               
40010176019164193402       0000196932                                           
60010180000043787021308396414094    136601   E100-200206INF015133               
40010186019164160946       0000043787                                           
60010190001302253021309379615775942 462327   E100-200206INF015133               
40010196019164152838       0001302253                                           
60010200000078281021313103400899046077580    E100-200206INF015133               
40010206019164163623       0000078281                                           
6001021000006140802141133547015300  21307    E100-200206INF015133               
40010216019164167307       0000061408                                           
6001022000006003802141133547015300  21308    E100-200206INF015133               
40010226019164201408       0000060038                                           
60010230000038527022000046889073166742419    E100-200206INF015133               
40010236019164216748       0000038527                                           
60010240000004137022304616216869696 1078     E100-200206INF015133               
40010246019164192865       0000004137                                           
600102500000215710531015612079900566714116   E100-200206INF015133               
40010256019105487          0000021571                                           
60010260000001939121000248412079032472671    E100-200206INF015133               
4001026601972106           0000001939                                           
600102700000323111210002484870420544114990   E100-200206INF015133               
40010276019164199501       0000032311                                           
6001028000000146522137119460000722934399     E100-200206INF015133               
40010286019164207718       0000001465                                           
6001029000000048822237044079000592837466     E100-200206INF015133               
40010296019164216104       0000000488                                           
8001000417772A20020600290003371314                                              
9000062                                                                         
