100304804991 021000021 2008051020                                               
500100028561A 200805304804991 021000021                                         
60010010000064102011500010394005742923180    E100-200805INF018554               
4001001601 164263239       0000003671                                           
4001001602 164263817       0000039607                                           
4001001603 164378196       0000000998                                           
40010016049164378280       0000019826                                           
60010020002751388021309379601886096 900229873E100-200805INF018554               
40010026019164343226       0002751388                                           
6001003000009341503131503671231333523229     E100-200805INF018553               
4001003601 164379594       0000092335                                           
40010036029164379595       0000001080                                           
6001004000148125304100271199970567  466971   E100-200805INF018549               
4001004601 164425662       0001472403                                           
40010046029164425671       0000008850                                           
6001005000008707204200031471116238  130008   E100-200805INF018551               
40010056019164415960       0000087072                                           
600100600029475460433016271069974107120000662E100-200805INF018554               
4001006601 164416132       0002934978                                           
40010066029164416133       0000012568                                           
600100700000246510610001041000043278732561   E100-200805INF018553               
40010076019164377054       0000024651                                           
60010080001209227062203735222615512 370104   E100-200805INF018554               
40010086019164419063       0001209227                                           
600100900003236420912159271521000088377594   E100-200805INF018551               
40010096019164386772       0000323642                                           
6001010000003915509140873413318559  49530    E100-200805INF018552               
4001010601 164424420       0000000551                                           
40010106029164424453       0000038604                                           
60010110001114900111000025488038407913790    E100-200805INF018553               
4001011601 164376530       0000035040                                           
40010116029164376863       0001079860                                           
600101200136481441210002482000030079100240831E100-200805INF018549               
40010126019164419494       0013648144                                           
60010130000071954211370545824987476585376    E100-200805INF018554               
40010136019164401097       0000071954                                           
6001014000000090621169131811000126874268     E100-200805INF018549               
40010146019164426820       0000000906                                           
600101500000407582118707991600042186439973   E100-200805INF018554               
40010156019164398345       0000040758                                           
6001016000000261022117218615264187  16491    E100-200805INF018553               
40010166019164389154       0000002610                                           
60010170000006281221172186630414091 57087    E100-200805INF018554               
40010176019164389964       0000006281                                           
800100028561A 20080500170023907004                                              
9000046                                                                         
