1004427686362111000025 2108030909                                               
5001000417772A2108034427686362111000025                                         
60010010000020379021000322483036673243717    E100-210803INF025485               
40010016019164869245       0000020379                                           
60010020000135820021000322483043599010022353 E100-210803INF025485               
4001002601 164491378       0000061425                                           
40010026029164849719       0000074395                                           
60010030000049374021000322483043642716653    E100-210803INF025485               
40010036019164896588       0000049374                                           
60010040000282475021300077329681306220482    E100-210803INF025485               
4001004601 164838252       0000001773                                           
40010046029164864344       0000280702                                           
6001005000092920002130007775019500  666119   E100-210803INF025485               
40010056019164858303       0000929200                                           
60010060000004688021301115142026301 31035    E100-210803INF025485               
4001006601 164704420       0000002344                                           
40010066029164900387       0000002344                                           
60010070000077858021304675405396395 50925    E100-210803INF025485               
40010076019164886458       0000077858                                           
600100800000551430213055777005344659158607   E100-210803INF025485               
4001008601 164877210       0000003592                                           
40010086029164897443       0000051551                                           
600100900000028520213075596968937   17422    E100-210803INF025485               
40010096019164901950       0000002852                                           
60010100000045921021309379601221955 230604   E100-210803INF025485               
40010106019164867465       0000045921                                           
6001011000000888802130973541208448  52203    E100-210803INF025485               
40010116019164875824       0000008888                                           
60010120000006813021407912704785475411049    E100-210803INF025485               
40010126019164898267       0000006813                                           
60010130000024879021407912792401976876480    E100-210803INF025485               
40010136019164905308       0000024879                                           
600101400001548610214079128064002994275493   E100-210803INF025485               
40010146019164902542       0000154861                                           
6001015000005447702141133547015300  22250    E100-210803INF025485               
40010156019164895407       0000054477                                           
6001016000002780802141211458130007226834     E100-210803INF025485               
40010166019164894700       0000027808                                           
600101700000208400219024758498009   26535    E100-210803INF025485               
40010176019164887312       0000020840                                           
60010180000065001021906934329681267012239    E100-210803INF025485               
40010186019164896664       0000065001                                           
60010190000032553022000046340100107 31528    E100-210803INF025485               
40010196019164886495       0000032553                                           
60010200000118663022000046889161393038670    E100-210803INF025485               
40010206019164895412       0000118663                                           
60010210000044697022000046889172169115548    E100-210803INF025485               
4001021601 164827821       0000014899                                           
4001021602 164867040       0000014899                                           
40010216039164906628       0000014899                                           
60010220000033819022000046984403799518149    E100-210803INF025485               
40010226019164869669       0000033819                                           
60010230000003369022000046986987009820284    E100-210803INF025485               
40010236019164900491       0000003369                                           
60010240000014484022000127939016571620394    E100-210803INF025485               
40010246019164904723       0000014484                                           
60010250000000976022300173476597302 4362     E100-210803INF025485               
40010256019164900678       0000000976                                           
60010260000006757022300173949423305 5994     E100-210803INF025485               
40010266019164902529       0000006757                                           
6001027000000288002230365911059822706876     E100-210803INF025485               
40010276019164900890       0000002880                                           
6001028000000341802230365911059823183550     E100-210803INF025485               
40010286019164900890       0000003418                                           
6001029000000264802230365911061052721770     E100-210803INF025485               
40010296019164875143       0000002648                                           
6001030000002993202230365911077250537034     E100-210803INF025485               
40010306019164889240       0000029932                                           
60010310000014764022304616215948855 131738   E100-210803INF025485               
40010316019164900554       0000014764                                           
60010320000003780022306818922126704 3826     E100-210803INF025485               
40010326019164900694       0000003780                                           
60010330000098749026009768309606    207894   E100-210803INF025485               
40010336019164905946       0000098749                                           
60010340000002981026013576150141654881       E100-210803INF025485               
40010346019164899959       0000002981                                           
60010350000013279026013673427488260820005    E100-210803INF025485               
40010356019164906017       0000013279                                           
60010360000028286031000503201417423178255    E100-210803INF025485               
40010366019164886498       0000028286                                           
600103700000083331210002484870420544200827   E100-210803INF025485               
40010376019164854069       0000008333                                           
600103800005244671250005744796812283436200419E100-210803INF025485               
40010386019164866933       0000524467                                           
60010390000052114222371863137076043934479    E100-210803INF025485               
40010396019164857315       0000052114                                           
60010400000040849222371863137287765256355    E100-210803INF025485               
40010406019164857267       0000040849                                           
60010410000003873222371863137338143151402    E100-210803INF025485               
4001041601 164661904       0000000000                                           
4001041602 164741309       0000000114                                           
4001041603 164778377       0000001253                                           
4001041604 164817998       0000001253                                           
40010416059164857346       0000001253                                           
60010420000001464222380579520000007317084    E100-210803INF025485               
40010426019164900688       0000001464                                           
6001043000006338232207038180450058847727     E100-210803INF025485               
40010436019164869122       0000063382                                           
60010440000007540322271627215376176 55365820 E100-210803INF025485               
40010446019164886909       0000007540                                           
8001000417772A21080300440003125334                                              
9000102                                                                         
