1004426407445111000012 2108030909                                               
500100014670A 2108034426407445111000012                                         
6001001001409919401140007192432687146813     E100-210803INF025500               
4001001601 1000474715      0010750460                                           
400100160291000474718      0003348734                                           
6001002000386550901190044565644600  56765    E100-210803INF025500               
4001002601 164842421       0000118174                                           
4001002602 164846137       0003332208                                           
40010026039164846149       0000415127                                           
60010030000663781041000124411646892265280    E100-210803INF025500               
4001003601 1000474886      0000051846                                           
4001003602 1000474887      0000199209                                           
4001003603 1000474888      0000385226                                           
4001003604 164894162       0000011050                                           
4001003605 164894167       0000000650                                           
40010036069164895438       0000015800                                           
600100400000110000410001244260636791509479   E100-210803INF025500               
400100460191000475043      0000011000                                           
600100500000060060410001244260636791509480   E100-210803INF025500               
40010056019164895404       0000006006                                           
600100600002677000410001244260636791509481   E100-210803INF025500               
400100660191000475042      0000267700                                           
600100700000297000410001244260636791509482   E100-210803INF025500               
40010076019164895066       0000029700                                           
6001008000046834904411544363629551101273512  E100-210803INF025500               
4001008601 1000469339      0000428199                                           
40010086029164858582       0000040150                                           
6001009000004158006111278832991230368137     E100-210803INF025500               
40010096019164871518       0000041580                                           
60010100000005000071000039818879318413504    E100-210803INF025500               
400101060191000476082      0000005000                                           
6001011000096003926708419912190699638685     E100-210803INF025500               
4001011601 1000476107      0000849531                                           
4001011602 1000476108      0000046092                                           
4001011603 164879342       0000064416                                           
40010116049164879370       0000000000                                           
800100014670A 21080300110020417858                                              
9000038                                                                         
