1003359871525061112788 2108030909                                               

500100033310A 2108033359871525061112788                                         

60010010000033500011103093511012020031892    E100-210803INF025479               

400100160195000074783      0000033500                                           

60010020000009500091801234443887000 22050    E100-210803INF025479               

400100260195000074963      0000009500                                           

800100033310A 21080300020000043000                                              

9000008                                                                         
