100304804991 021000021 2108030909                                               
500100028561A 210803304804991 021000021                                         
6001001000225889001120153980215772  1480571  E100-210803INF025483               
4001001601 164883563       0002243696                                           
40010016029164883568       0000015194                                           
600100200012072960710000398666719342272812   E100-210803INF025481               
40010026019164849943       0001207296                                           
600100300020494260719232845590001037700877   E100-210803INF025482               
4001003601 164802087       0000021312                                           
4001003602 164840978       0000027619                                           
4001003603 164841106       0001977455                                           
40010036049164841362       0000023040                                           
60010040000002568081212574210208416 6116     E100-210803INF025484               
40010046019164841659       0000002568                                           
6001005000001584111100001244273035228513     E100-210803INF025481               
40010056019164884664       0000015841                                           
600100600002624661220004969080014233198890   E100-210803INF025482               
40010066019164843386       0000262466                                           
60010070000431829211371926193771    609982   E100-210803INF025481               
4001007601 164775401       0000072604                                           
4001007602 164775496       0000005954                                           
40010076039164775760       0000353271                                           
60010080000186639211871772105662840813483    E100-210803INF025481               
40010086019164904041       0000186639                                           
800100028561A 21080300080006414955                                              
9000026                                                                         
