10073027044  042000314 2108030909                                               
5001000632530A21080373027044  042000314                                         
600100100007161610110001384605286746156501   E100-210803INF025491               
4001001601 164857409       0000066239                                           
40010016029164858911       0000649922                                           
60010020000052081011000138464040614149800    E100-210803INF025494               
40010026019164899311       0000052081                                           
6001003000004228401100013880503781  251094   E100-210803INF025487               
40010036019164902345       0000042284                                           
60010040000003776011075150758600499317840    E100-210803INF025487               
40010046019164866066       0000003776                                           
60010050000031643011075150854200111519804    E100-210803INF025487               
40010056019164866095       0000031643                                           
60010060000016465011075150854200112529206    E100-210803INF025487               
40010066019164866661       0000016465                                           
600100700000215110112006087003-2246481991    E100-210803INF025495               
40010076019164860512       0000021511                                           
6001008000006083501120153980068047  59636    E100-210803INF025494               
40010086019164904929       0000060835                                           
6001009000002015901130059551902201  54465    E100-210803INF025490               
40010096019164880071       0000020159                                           
60010100000006643011301798101010437316995    E100-210803INF025488               
4001010601 164830325       0000004224                                           
40010106029164853808       0000002419                                           
60010110000052296011301798135895    124714   E100-210803INF025490               
40010116019164904881       0000052296                                           
60010120000005138011301798600631279 44888    E100-210803INF025487               
40010126019164904597       0000005138                                           
60010130000035189011302742408233    32317    E100-210803INF025487               
40010136019164903688       0000035189                                           
60010140000006641011302742963435    54550    E100-210803INF025487               
40010146019164903688       0000006641                                           
600101500000506260113044782457002281125968   E100-210803INF025494               
40010156019164900459       0000050626                                           
600101600000622090113044787446003860712      E100-210803INF025490               
40010166019164904228       0000062209                                           
600101700011590500113751351199300036905296   E100-210803INF025498               
4001017601 164853364       0000009048                                           
400101760297089586315      0001150002                                           
6001018000002548201140007127117278017862     E100-210803INF025490               
40010186019164888189       0000025482                                           
6001019000037022801140007192463146716315     E100-210803INF025491               
40010196019164855609       0000370228                                           
60010200000203687011401533330844718777310    E100-210803INF025486               
40010206019164901703       0000203687                                           
60010210000045166011500010394007821015401    E100-210803INF025489               
40010216019164902618       0000045166                                           
600102200001216340119005711293249   307411   E100-210803INF025490               
40010226019164896256       0000121634                                           
6001023000000768601190057152208313  1943     E100-210803INF025486               
40010236019692401          0000007686                                           
60010240000297227021000021355879112 9001491  E100-210803INF025497               
40010246019164860875       0000297227                                           
60010250000050070021000021659886672 178      E100-210803INF025490               
4001025601 164840518       0000024366                                           
40010256029164879713       0000025704                                           
60010260000020657021000021699022973 1380     E100-210803INF025499               
40010266019164879341       0000020657                                           
60010270000084398021000021849102959 23155    E100-210803INF025495               
4001027601 164812833       0000041714                                           
4001027602 164813346       0000001025                                           
4001027603 164852014       0000040634                                           
40010276049164852523       0000001025                                           
60010280000047914021000021849242292 36218    E100-210803INF025486               
40010286019164890062       0000047914                                           
6001029000004495602100008931149924  615835   E100-210803INF025498               
40010296019164902281       0000044956                                           
60010300000041114021200025199477298448224    E100-210803INF025490               
40010306019164853142       0000041114                                           
60010310000052808021200339150101325 3366     E100-210803INF025489               
40010316019164855259       0000052808                                           
600103200000972140212003398440052046157202   E100-210803INF025499               
40010326019164900208       0000097214                                           
6001033000000565102120138341429338  5804     E100-210803INF025489               
40010336019164906254       0000005651                                           
60010340000001893021202337359009880 1325     E100-210803INF025488               
40010346019164892418       0000001893                                           
60010350000008237021205376663400425 29266    E100-210803INF025490               
40010356019164888934       0000008237                                           
60010360000824827021306822797046348 658568   E100-210803INF025495               
4001036601 164853992       0000007110                                           
40010366029164855373       0000817717                                           
60010370000717270022000020622000527 1198     E100-210803INF025486               
4001037601 164903271       0000397532                                           
40010376029164904327       0000319738                                           
60010380000117273022000020751720623 65255    E100-210803INF025488               
40010386019164895467       0000117273                                           
600103900001457640260132208000370083191145   E100-210803INF025488               
40010396019164899017       0000145764                                           
60010400000018960031000053860783695125657    E100-210803INF025492               
40010406019164880110       0000018960                                           
600104100000590960310000538613542132159826   E100-210803INF025488               
40010416019164899829       0000059096                                           
60010420000005156031000053861496355386683    E100-210803INF025488               
40010426019164848010       0000005156                                           
60010430000023358031100089560325910217706    E100-210803INF025498               
40010436019164905643       0000023358                                           
60010440000053000031100089565719585336964    E100-210803INF025498               
40010446019164899913       0000053000                                           
60010450000025063031100102208135210 76705    E100-210803INF025498               
40010456019164887959       0000025063                                           
60010460000098330031100102209450477 27408    E100-210803INF025495               
40010466019164879775       0000098330                                           
6001047000001073403110020938729518  100131448E100-210803INF025489               
40010476019164849894       0000010734                                           
600104800002569900311002252079950036202636   E100-210803INF025495               
40010486019164903995       0000256990                                           
60010490000044955031201360425997735951307    E100-210803INF025499               
4001049601 164894910       0000044262                                           
40010496029164895127       0000000693                                           
8001000632530A21080300490006269505                                              
5002000632530A21080373027044  042000314                                         
60020500000075524031201360432992997533415    E100-210803INF025493               
40020506019164859643       0000075524                                           
60020510000027157031201360432992997533416    E100-210803INF025493               
40020516019164859618       0000027157                                           
60020520000412470031202770802637596625796    E100-210803INF025491               
40020526019164849954       0000412470                                           
60020530000004478031202770802637596625797    E100-210803INF025491               
40020536019164847802       0000004478                                           
6002054000013663203120760780264893491475     E100-210803INF025499               
40020546019164889171       0000136632                                           
60020550000012372031207607806174984732626    E100-210803INF025495               
40020556019164851334       0000012372                                           
6002056000001847903130295523361248  24140    E100-210803INF025498               
40020566019164867683       0000018479                                           
600205700000440680313029559862347920451      E100-210803INF025498               
40020576019164903521       0000044068                                           
60020580000107496031306278310043399 220043   E100-210803INF025488               
40020586019164893933       0000107496                                           
600205900000102940360022471177125   15717    E100-210803INF025494               
40020596019164875837       0000010294                                           
600206000000103750360022471177214   12060    E100-210803INF025494               
40020606019164875837       0000010375                                           
600206100000174700360022471965204   11154    E100-210803INF025494               
40020616019164875837       0000017470                                           
600206200000008080360022471965204   11155    E100-210803INF025494               
40020626019164875838       0000000808                                           
600206300000048000360022472647559   1395     E100-210803INF025494               
40020636019164875837       0000004800                                           
60020640000043031041000124410576458271230    E100-210803INF025492               
40020646019164895484       0000043031                                           
60020650000042852041000124411643489626406    E100-210803INF025491               
40020656019164887871       0000042852                                           
60020660000118351041000124411647603322054    E100-210803INF025490               
40020666019164891960       0000118351                                           
60020670000084534041000124413017582755840    E100-210803INF025487               
4002067601 164857720       0000042267                                           
40020676029164897054       0000042267                                           
600206800000823120410001244202675792791652   E100-210803INF025487               
40020686019164893713       0000082312                                           
60020690000028640041000124420604311972200    E100-210803INF025495               
40020696019164888351       0000028640                                           
600207000000966100410001244209669096108678   E100-210803INF025487               
40020706019164893951       0000096610                                           
600207100000461570410001244210023401101344   E100-210803INF025495               
40020716019164886937       0000046157                                           
60020720000042650041000124421013144576723    E100-210803INF025495               
40020726019164896181       0000042650                                           
600207300004897500410001244228198445132630   E100-210803INF025499               
40020736019164855149       0000489750                                           
600207400000039620410001244228198445132631   E100-210803INF025499               
40020746019164861274       0000003962                                           
60020750000036121041000124423426488318680    E100-210803INF025495               
40020756019164852398       0000036121                                           
600207600001304100410001244238031198143357   E100-210803INF025498               
4002076601 164879170       0000004694                                           
4002076602 164887708       0000052456                                           
40020766039164887724       0000073260                                           
60020770000019375041000124425207435442609    E100-210803INF025498               
40020776019164887575       0000019375                                           
60020780000084370041000124425247466582020    E100-210803INF025498               
40020786019164886966       0000084370                                           
60020790000001108041000124426024141514001    E100-210803INF025488               
40020796019164906195       0000001108                                           
60020800000036236041000124426024176586166    E100-210803INF025488               
40020806019164906195       0000036236                                           
60020810000003994041001039149681012432903    E100-210803INF025499               
40020816019164905322       0000003994                                           
6002082000013421604100103935099352063120841  E100-210803INF025490               
40020826019164850670       0000134216                                           
60020830000005416041001039359681201810345    E100-210803INF025499               
40020836019164905307       0000005416                                           
60020840000426506041001039359681503131880    E100-210803INF025486               
4002084601 164856702       0000012165                                           
4002084602 164856828       0000200630                                           
4002084603 164895746       0000203730                                           
40020846049164896343       0000009981                                           
6002085000001191404100103935968160622089     E100-210803INF025499               
40020856019164889512       0000011914                                           
60020860000014274041001039359681606240991    E100-210803INF025499               
40020866019164888828       0000014274                                           
60020870000000608041001039359681606313163    E100-210803INF025499               
40020876019164902318       0000000608                                           
6002088000000226204100271175252436503249     E100-210803INF025491               
40020886019164864466       0000002262                                           
60020890000042367041201512108010914711278995 E100-210803INF025499               
40020896019164891967       0000042367                                           
6002090000036646404120163554380     91991    E100-210803INF025487               
4002090601 164875875       0000002538                                           
40020906029164876154       0000363926                                           
60020910000244308041203374400010014 15119    E100-210803INF025490               
40020916019164893520       0000244308                                           
6002092000044075204120382496434819642034292  E100-210803INF025489               
4002092601 164890360       0000436578                                           
40020926029164900633       0000004174                                           
6002093000007178704120389541164690796127893  E100-210803INF025486               
40020936019164845356       0000071787                                           
60020940000107236041207040350993518535706379 E100-210803INF025489               
40020946019164895253       0000107236                                           
60020950000037351041207040350993518535706390 E100-210803INF025489               
40020956019164879167       0000037351                                           
6002096000006554504121298361-1233-3 53844    E100-210803INF025487               
40020966019164878299       0000065545                                           
600209700000461620412150321589742312122364   E100-210803INF025491               
40020976019164876347       0000046162                                           
600209800000427870412158543117991   30809    E100-210803INF025488               
40020986019164893321       0000042787                                           
60020990000022650041272279100341354 4535     E100-210803INF025491               
40020996019164903910       0000022650                                           
8002000632530A21080300500004355491                                              
5003000632530A21080373027044  042000314                                         
600310000001031640420000131301190692189140   E100-210803INF025495               
40031006019164907307       0000103164                                           
600310100001560250420000131301213970750791   E100-210803INF025496               
40031016019164867747       0000156025                                           
60031020000065440042100272748159241311180921 E100-210803INF025489               
4003102601 164905723       0000051874                                           
40031026029164906018       0000013566                                           
60031030000253213042100272748160657711419    E100-210803INF025497               
4003103601 164867156       0000249260                                           
40031036029164867162       0000003953                                           
6003104000003331004210742437002     99158    E100-210803INF025494               
4003104601 164847350       0000016655                                           
40031046029164886994       0000016655                                           
60031050000099360042200295359681298634778    E100-210803INF025495               
40031056019164899436       0000099360                                           
60031060000120200042200910230013825845386    E100-210803INF025488               
40031066019164887910       0000120200                                           
60031070000104010042202196702-71965 117971   E100-210803INF025487               
40031076019164888049       0000104010                                           
6003108000001254004220219672589010  38150    E100-210803INF025487               
40031086019164904557       0000012540                                           
60031090000007784042205009620875    2365     E100-210803INF025491               
40031096019164877373       0000007784                                           
60031100000000612042205009629343    6062     E100-210803INF025491               
40031106019164877373       0000000612                                           
60031110000004393042205009700000304117923    E100-210803INF025491               
40031116019164877373       0000004393                                           
60031120000128760042215060145111225837190    E100-210803INF025487               
4003112601 164512585       0000000000                                           
40031126029164889912       0000128760                                           
6003113000002035704221506014512284145519     E100-210803INF025487               
40031136019164888110       0000020357                                           
60031140000035973042215060145124347312748    E100-210803INF025490               
40031146019164886816       0000035973                                           
600311500000358670423072241190120123132942   E100-210803INF025495               
40031156019164898865       0000035867                                           
60031160000016231042310525595047    1140     E100-210803INF025495               
40031166019164889165       0000016231                                           
600311700000693880430000961026394946163638   E100-210803INF025487               
4003117601 164904393       0000067420                                           
40031176029164907191       0000001968                                           
60031180000618608043000096102907302110447012 E100-210803INF025488               
40031186019164847109       0000618608                                           
600311900000013140433068553001876295533      E100-210803INF025492               
4003119601 164728135       0000000438                                           
4003119602 164766365       0000000438                                           
40031196039164845290       0000000438                                           
600312000000028080433068553001876295534      E100-210803INF025492               
4003120601 164728137       0000000702                                           
4003120602 164766366       0000000702                                           
40031206039164845292       0000001404                                           
6003121000000619504330685530025554351460     E100-210803INF025492               
4003121601 164728411       0000002065                                           
4003121602 164766824       0000002065                                           
40031216039164845726       0000002065                                           
6003122000002185204340003612074302  38265    E100-210803INF025494               
40031226019164853875       0000021852                                           
60031230000021860044000024189151323960755    E100-210803INF025487               
40031236019164889065       0000021860                                           
60031240000136530044000037980126041 203373   E100-210803INF025487               
40031246019164877078       0000136530                                           
60031250000068496044002161728156904175216    E100-210803INF025495               
40031256019164897046       0000068496                                           
60031260000049676044002161728278282560601    E100-210803INF025487               
40031266019164904851       0000049676                                           
60031270000371736044103976100271    126841   E100-210803INF025487               
40031276019164908567       0000371736                                           
60031280000460612044109336118000866 194322   E100-210803INF025488               
40031286019164851208       0000460612                                           
600312900000976960441150901038337113130608   E100-210803INF025490               
40031296019164895533       0000097696                                           
60031300000044526044115443235808620 7928     E100-210803INF025491               
40031306019164904024       0000044526                                           
600313100000208220442104034581826   12722    E100-210803INF025487               
40031316019164908385       0000020822                                           
6003132000006214804421213910000012  57198    E100-210803INF025487               
40031326019164875779       0000062148                                           
60031330000106079051000017435029083021222    E100-210803INF025494               
40031336019164891242       0000106079                                           
60031340000071867051400549207911499616309    E100-210803INF025488               
40031346019164877077       0000071867                                           
60031350000031414051403164141372    60145    E100-210803INF025493               
40031356019164887002       0000031414                                           
600313600000157640514031642960565   62467    E100-210803INF025499               
4003136601 164849781       0000008352                                           
40031366029164888700       0000007412                                           
60031370000022279051404260159783340 74476    E100-210803INF025486               
40031376019164906914       0000022279                                           
60031380000002394051404260251219095 45244    E100-210803INF025492               
40031386019164887835       0000002394                                           
60031390000052998051404260257096475 21586    E100-210803INF025499               
40031396019164848252       0000052998                                           
600314000000133000514050941438      14405    E100-210803INF025486               
40031406019164899496       0000013300                                           
60031410000068321051408949243055706 73668    E100-210803INF025486               
40031416019164903779       0000068321                                           
6003142000000627505140894950227226903748     E100-210803INF025486               
40031426019164879120       0000006275                                           
6003143000000914805207351919142793  92034    E100-210803INF025492               
40031436019164849852       0000009148                                           
60031440000039439052073519509402764 12685    E100-210803INF025492               
40031446019164784159       0000039439                                           
60031450000014153053000219207208310418813    E100-210803INF025498               
40031456019164860115       0000014153                                           
60031460000014307053101121130110997734795    E100-210803INF025492               
40031466019164897068       0000014307                                           
60031470000074038053101121134000850493210    E100-210803INF025493               
40031476019164903142       0000074038                                           
60031480000105434053201607141000021561575    E100-210803INF025492               
40031486019164862778       0000105434                                           
60031490000040810053201607141000331422666    E100-210803INF025492               
40031496019164862281       0000040810                                           
8003000632530A21080300500003939526                                              
5004000632530A21080373027044  042000314                                         
6004150000006852905320160752246285979741     E100-210803INF025490               
40041506019164896644       0000068529                                           
60041510000109609053207766200323300557683    E100-210803INF025493               
40041516019164848204       0000109609                                           
600415200001109500540012042260056956301159   E100-210803INF025493               
40041526019164851529       0000110950                                           
6004153000002297605400122020000266105081     E100-210803INF025490               
40041536019164900344       0000022976                                           
60041540000020224055001096145530440121927    E100-210803INF025486               
40041546019164887901       0000020224                                           
6004155000001005906100010410001726441035218  E100-210803INF025495               
40041556019164905459       0000010059                                           
60041560000036476061100606100123951463064    E100-210803INF025494               
40041566019164894363       0000036476                                           
60041570000035763061100606100388535596475    E100-210803INF025494               
40041576019164905122       0000035763                                           
60041580000055748061100606317992301 616504   E100-210803INF025493               
40041586019164906778       0000055748                                           
6004159000004000906110060689911     60709    E100-210803INF025493               
40041596019164886627       0000040009                                           
6004160000014220706110060697345     93671    E100-210803INF025495               
40041606019164886819       0000142207                                           
60041610000035136061113415111000781555705    E100-210803INF025498               
40041616019164893008       0000035136                                           
60041620000223732061201754204859435891164    E100-210803INF025491               
4004162601 164854509       0000113814                                           
40041626029164894351       0000109918                                           
600416300002249780622037355990021568400565   E100-210803INF025498               
40041636019164876052       0000224978                                           
60041640000014698062206295500112122670169    E100-210803INF025491               
40041646019164893202       0000014698                                           
60041650000013886063000047344644658440196    E100-210803INF025486               
40041656019164889130       0000013886                                           
600416600000650920630139242527083306145532   E100-210803INF025490               
40041666019164880198       0000065092                                           
60041670000087682063100277366108779977180    E100-210803INF025490               
40041676019164901766       0000087682                                           
60041680000039472063101111216221201 14429    E100-210803INF025492               
40041686019164854198       0000039472                                           
60041690000034250063102152100019314410650    E100-210803INF025486               
40041696019164893859       0000034250                                           
6004170000001876106310215210002119687886     E100-210803INF025489               
40041706019164905577       0000018761                                           
60041710000025622063102152428006600919144    E100-210803INF025494               
40041716019164891578       0000025622                                           
600417200002339470631075132000044459121977   E100-210803INF025492               
40041726019164853929       0000233947                                           
600417300000028010631075132000044459121978   E100-210803INF025492               
40041736019164852679       0000002801                                           
6004174000003142406311278647161603  2538     E100-210803INF025494               
40041746019164897504       0000031424                                           
600417500000218340640000462908259   20064    E100-210803INF025494               
40041756019164895417       0000021834                                           
600417600000906960640086371257345   84179    E100-210803INF025492               
40041766019164848237       0000090696                                           
6004177000007549206410307990800031541123773  E100-210803INF025492               
40041776019164900086       0000075492                                           
60041780000001650065300279100252942849278    E100-210803INF025499               
40041786019164908742       0000001650                                           
60041790000041390067011760220002184061439    E100-210803INF025492               
40041796019164903234       0000041390                                           
60041800000159771067014822430164613345688    E100-210803INF025490               
4004180601 164903540       0000008164                                           
40041806029164906063       0000151607                                           
60041810000124645071000013697699871 3917     E100-210803INF025490               
40041816019164878944       0000124645                                           
60041820000095061071000013782765226 57694    E100-210803INF025498               
40041826019164887403       0000095061                                           
600418300000463920710000138001340   32720    E100-210803INF025491               
40041836019164893781       0000046392                                           
6004184000059345907100003981884935722085296  E100-210803INF025499               
4004184601 164857384       0000009628                                           
4004184602 164857401       0000000781                                           
40041846039164857982       0000583050                                           
6004185000009897207100003986660-025018928    E100-210803INF025498               
4004185601 164808429       0000049486                                           
40041856029164847664       0000049486                                           
60041860000627175071000039867060861811543414 E100-210803INF025499               
4004186601 164896797       0000620027                                           
40041866029164896812       0000007148                                           
600418700000076510710001522733293   75758    E100-210803INF025492               
40041876019164888469       0000007651                                           
60041880000646236071000288-403-865-9152467   E100-210803INF025493               
4004188601 164889296       0000123461                                           
4004188602 164891996       0000512846                                           
40041886039164892164       0000009929                                           
60041890000659954071000288182-44963 453016   E100-210803INF025491               
4004189601 164740720       0000231406                                           
4004189602 164857921       0000201254                                           
40041896039164858061       0000227294                                           
600419000000078870710002882156727   79078    E100-210803INF025491               
40041906019164889726       0000007887                                           
600419100000541720710002883718269   2976     E100-210803INF025495               
40041916019164900575       0000054172                                           
600419200003900480710002883862059   48649    E100-210803INF025490               
40041926019164854052       0000390048                                           
60041930000063033071000288387-352-8 125591   E100-210803INF025488               
40041936019164907623       0000063033                                           
600419400002597090710002884331211   10380    E100-210803INF025499               
40041946019164892412       0000259709                                           
600419500000012680710002884331211   10381    E100-210803INF025499               
40041956019164897658       0000001268                                           
60041960000028420071000288446-47812 16869    E100-210803INF025492               
40041966019164897326       0000028420                                           
60041970000021113071001504500004970946628    E100-210803INF025486               
40041976019164851683       0000021113                                           
60041980000145936071001737101111700 556646   E100-210803INF025492               
40041986019164890548       0000145936                                           
600419900000387760710017371252234   43097    E100-210803INF025498               
40041996019164853598       0000038776                                           
8004000632530A21080300500006004771                                              
5005000632530A21080373027044  042000314                                         
60052000000043600071003405120622121 918000244E100-210803INF025499               
40052006019164891529       0000043600                                           
60052010000043600071003405120622121 918000245E100-210803INF025499               
40052016019164891529       0000043600                                           
60052020000013785071003405120622121 918000252E100-210803INF025499               
40052026019164891529       0000013785                                           
60052030000014150071003405120622121 918000256E100-210803INF025499               
40052036019164891529       0000014150                                           
600520400000192000710064862132112   8307     E100-210803INF025498               
40052046019164903041       0000019200                                           
600520500000755330710064862717328   1002378  E100-210803INF025499               
40052056019164896117       0000075533                                           
600520600000445020710064862961407   302569   E100-210803INF025488               
4005206601 164839902       0000042294                                           
40052066029164840301       0000002208                                           
60052070000016220071102568100318201 191764   E100-210803INF025489               
40052076019164868845       0000016220                                           
60052080000159251071102568100318201 191925   E100-210803INF025489               
40052086019164868845       0000159251                                           
60052090000015040071102568100318201 191931   E100-210803INF025489               
40052096019164868845       0000015040                                           
60052100000018900071102568100318201 191983   E100-210803INF025489               
40052106019164868845       0000018900                                           
60052110000172905071102568100727921 911105   E100-210803INF025495               
40052116019164891025       0000172905                                           
60052120000110829071102568400455572 300377   E100-210803INF025499               
40052126019164904867       0000110829                                           
6005213000003546007110256842201004  120023   E100-210803INF025498               
40052136019164899729       0000035460                                           
60052140000007503071108407994316    13992    E100-210803INF025492               
40052146019164892430       0000007503                                           
60052150000076735071122535505420    122169   E100-210803INF025493               
40052156019164900056       0000076735                                           
60052160000003292071122535505447    13168    E100-210803INF025493               
40052166019164900056       0000003292                                           
60052170000002631071122535505471    13050    E100-210803INF025493               
40052176019164900056       0000002631                                           
60052180000030138071122535505528    5605     E100-210803INF025493               
40052186019164900056       0000030138                                           
600521900000432850712013208658234   404377   E100-210803INF025488               
40052196019164876403       0000043285                                           
600522000000709610712121281008896-1 26476    E100-210803INF025499               
40052206019164901317       0000070961                                           
600522100000429340719007603-875-2   637345   E100-210803INF025494               
40052216019164903369       0000042934                                           
60052220000062167071900760808701866 7000480  E100-210803INF025499               
4005222601 164781825       0000020460                                           
4005222602 164820483       0000019673                                           
40052226039164860550       0000022034                                           
60052230000041231071901604542008200953686    E100-210803INF025486               
40052236019164906305       0000041231                                           
60052240000047600071901604620117201 86093    E100-210803INF025486               
40052246019164886784       0000047600                                           
600522500000123240719023995104143   12379    E100-210803INF025493               
40052256019164889119       0000012324                                           
6005226000025946107190262981003196  1501     E100-210803INF025494               
40052266019164847156       0000259461                                           
60052270000017957071902878100222986 30840    E100-210803INF025498               
40052276019164899771       0000017957                                           
60052280000220118071905943560004754 1635974  E100-210803INF025492               
40052286019164889993       0000220118                                           
600522900001374430719155804-279-532-208266   E100-210803INF025491               
40052296019164880017       0000137443                                           
600523000001085210719155804-294-119-27009    E100-210803INF025498               
40052306019164899389       0000108521                                           
600523100007294220719155804-369-505-115548   E100-210803INF025491               
4005231601 164888799       0000710782                                           
40052316029164896694       0000018640                                           
6005232000012332607192189146863259583464     E100-210803INF025498               
40052326019164907386       0000123326                                           
600523300002639300719232845590047758118971   E100-210803INF025491               
4005233601 164838024       0000001107                                           
40052336029164839595       0000262823                                           
600523400001351200719232845590082904602665   E100-210803INF025499               
4005234601 164853504       0000131788                                           
40052346029164865399       0000003332                                           
6005235000017430907192390910178419  67784    E100-210803INF025494               
40052356019164889173       0000174309                                           
60052360000016207071923909181000291722256    E100-210803INF025492               
40052366019164879537       0000016207                                           
60052370000039592071923909209000130939367    E100-210803INF025490               
4005237601 164712381       0000000561                                           
4005237602 164747582       0000000561                                           
40052376039164854966       0000038470                                           
600523800001687770719239095160006524101420   E100-210803INF025490               
40052386019164837693       0000168777                                           
600523900000081530719239097238418557123806   E100-210803INF025486               
40052396019164840159       0000008153                                           
60052400000037658071923909901185500 35942    E100-210803INF025492               
40052406019164879537       0000037658                                           
60052410000022341071925402289722019826887    E100-210803INF025498               
40052416019164907330       0000022341                                           
600524200000272310719254022898063045200140   E100-210803INF025498               
40052426019164897714       0000027231                                           
60052430000026730071925444380530105438620    E100-210803INF025491               
40052436019164895727       0000026730                                           
60052440000031039071925444380593656522353    E100-210803INF025486               
40052446019164901060       0000031039                                           
600524500002479750719254446350010124223336   E100-210803INF025499               
4005245601 164855466       0000115243                                           
4005245602 164895213       0000019754                                           
40052456039164895347       0000112978                                           
600524600005045750719254446350024842547627   E100-210803INF025495               
4005246601 164775545       0000260793                                           
40052466029164894295       0000243782                                           
6005247000003337707192598133000115  41163    E100-210803INF025491               
40052476019164849499       0000033377                                           
6005248000003113407200009618506480542302557  E100-210803INF025498               
40052486019164865458       0000031134                                           
60052490000003636072000096185147758616664    E100-210803INF025490               
40052496019164850535       0000003636                                           
8005000632530A21080300500004591808                                              
5006000632530A21080373027044  042000314                                         
6006250000003123207200009618517672342101640  E100-210803INF025498               
40062506019164865491       0000031232                                           
6006251000002705807200009618526586302201995  E100-210803INF025498               
40062516019164865473       0000027058                                           
60062520000100767072000096185305101787624    E100-210803INF025488               
40062526019164855220       0000100767                                           
60062530000018697072000096185315526318471    E100-210803INF025493               
40062536019164896417       0000018697                                           
60062540000015285072000096185315526318472    E100-210803INF025493               
40062546019164896440       0000015285                                           
600625500000837550720000961853378279207535   E100-210803INF025494               
40062556019164898461       0000083755                                           
6006256000001797307200009618534690452401007  E100-210803INF025498               
40062566019164865481       0000017973                                           
60062570000006960072000096185365142814255    E100-210803INF025489               
40062576019164899963       0000006960                                           
60062580000029110072000326230007495842370    E100-210803INF025494               
40062586019164899888       0000029110                                           
60062590000041019072000326230007496321575    E100-210803INF025494               
40062596019164899888       0000041019                                           
60062600000245617072000326317113337 237844   E100-210803INF025494               
40062606019164892457       0000245617                                           
600626100000500840720003266797304   127228   E100-210803INF025499               
40062616019164876912       0000050084                                           
60062620000772756072000326692395937 4669     E100-210803INF025499               
4006262601 164857511       0000379721                                           
40062626029164896559       0000393035                                           
60062630000031595072000326707604732 73035    E100-210803INF025494               
40062636019164891790       0000031595                                           
60062640000007468072000326754142131 3434     E100-210803INF025488               
4006264601 164738975       0000004164                                           
40062646029164855364       0000003304                                           
60062650000179625072000326816848626 7282     E100-210803INF025488               
40062656019164895711       0000179625                                           
60062660000112296072000326837370568 3570     E100-210803INF025488               
40062666019164855256       0000112296                                           
600626700000328900720003269166294   91946    E100-210803INF025494               
40062676019164895642       0000032890                                           
60062680000140391072000326935298547 298717   E100-210803INF025489               
40062686019164903775       0000140391                                           
600626900000523540720008052204806489141643   E100-210803INF025489               
40062696019164887676       0000052354                                           
60062700000043293072000805441794070973979    E100-210803INF025489               
40062706019164898359       0000043293                                           
600627100001196050724000522690887   33915    E100-210803INF025498               
4006271601 164874634       0000000592                                           
4006271602 164878483       0000118421                                           
40062716039164878495       0000000592                                           
60062720000029635072400052716233041437759    E100-210803INF025489               
40062726019164894874       0000029635                                           
60062730000024417072400052751928268042529    E100-210803INF025498               
40062736019164878483       0000024417                                           
60062740000002836072400052751928269834628    E100-210803INF025498               
40062746019164878483       0000002836                                           
600627500001464330724026521-303243  77301    E100-210803INF025493               
40062756019164905035       0000146433                                           
600627600000887330724034731152073625100063   E100-210803INF025489               
40062766019164899706       0000088733                                           
60062770000060344072403473115291071761766    E100-210803INF025498               
40062776019164887337       0000060344                                           
60062780000016997072403473115309857365103    E100-210803INF025489               
40062786019164866221       0000016997                                           
60062790000055502072403473115325129778246    E100-210803INF025488               
40062796019164901448       0000055502                                           
60062800000066175072403473138208731325252    E100-210803INF025488               
40062806019164902254       0000066175                                           
6006281000003673907240347313827121701187     E100-210803INF025494               
40062816019164879079       0000036739                                           
60062820000123045072403473138271218335293    E100-210803INF025494               
40062826019164879159       0000123045                                           
600628300001313380724034731382744575190990   E100-210803INF025494               
40062836019164879116       0000131338                                           
6006284000000487507240347313829690881320     E100-210803INF025494               
40062846019164879084       0000004875                                           
60062850000164554072403473138302228310907    E100-210803INF025488               
40062856019164898969       0000164554                                           
6006286000001161407240545579155509466403     E100-210803INF025489               
40062866019164877315       0000011614                                           
6006287000009178107240843614083329  91726    E100-210803INF025494               
40062876019164897573       0000091781                                           
60062880000042421072410013249800215912274    E100-210803INF025489               
40062886019164907122       0000042421                                           
6006289000003868507241001354001737202260     E100-210803INF025489               
40062896019164907122       0000038685                                           
60062900000028426072413450301-938-6 1821     E100-210803INF025498               
40062906019164900599       0000028426                                           
60062910000009302072413735400-00499-13054    E100-210803INF025488               
40062916019164879155       0000009302                                           
60062920000029351072413829100046556 49650    E100-210803INF025489               
40062926019164908331       0000029351                                           
60062930000012108072413829410021371829145    E100-210803INF025489               
40062936019164905805       0000012108                                           
60062940000038371072413845192003994 6500     E100-210803INF025498               
40062946019164879981       0000038371                                           
600629500000535880724138457200-243-639417    E100-210803INF025488               
40062956019164875810       0000053588                                           
6006296000005803807241415814852     102028   E100-210803INF025494               
40062966019164906384       0000058038                                           
60062970000021527072414158497487    111886   E100-210803INF025495               
40062976019164878778       0000021527                                           
60062980000053786072414310100016081046127    E100-210803INF025493               
40062986019164906088       0000053786                                           
60062990000014689072414310100016082814128    E100-210803INF025493               
40062996019164908557       0000014689                                           
8006000632530A21080300500003615140                                              
5007000632530A21080373027044  042000314                                         
60073000000037906073901233224063    23772    E100-210803INF025486               
4007300601 164850503       0000019242                                           
40073006029164889821       0000018664                                           
600730100000958600739033544073768   5993     E100-210803INF025495               
4007301601 164867454       0000047223                                           
40073016029164906333       0000048637                                           
600730200000488940739137555100441   7873     E100-210803INF025494               
40073026019164897181       0000048894                                           
60073030000002565073922801390009678 331367   E100-210803INF025494               
40073036019164836535       0000002565                                           
6007304000005654307490027517642011  58174    E100-210803INF025494               
40073046019164901497       0000056543                                           
6007305000001994907490371910108310389547     E100-210803INF025499               
40073056019164899518       0000019949                                           
60073060000017906074903719101130129666242    E100-210803INF025499               
40073066019164903126       0000017906                                           
6007307000010695907490371910116514322027989  E100-210803INF025499               
40073076019164902259       0000106959                                           
6007308000000164107500002231848101  9100     E100-210803INF025494               
40073086019164895417       0000001641                                           
600730900000379640759014809179001221272057125E100-210803INF025493               
40073096019164898134       0000037964                                           
6007310000007100007591160318238018801077105  E100-210803INF025490               
4007310601 164839947       0000001184                                           
40073106029164862737       0000069816                                           
60073110000024642075911988675718757716388    E100-210803INF025492               
40073116019164902762       0000024642                                           
60073120000075120081000210100144627568924    E100-210803INF025488               
40073126019164903014       0000075120                                           
600731300003668090810061626020000750447910   E100-210803INF025492               
4007313601 164878056       0000000826                                           
40073136029164878438       0000365983                                           
6007314000017630608151769335007072239833802  E100-210803INF025489               
4007314601 164888712       0000168515                                           
40073146029164899102       0000007791                                           
60073150000037698081903867203999    145989   E100-210803INF025499               
40073156019164902300       0000037698                                           
600731600000421430819048082910137693172209   E100-210803INF025498               
40073166019164857678       0000042143                                           
600731700000246860829004324041836   13988    E100-210803INF025498               
40073176019164876936       0000024686                                           
6007318000002280608290727328041166391311     E100-210803INF025495               
40073186019164898287       0000022806                                           
6007319000025244208390501247000053522381     E100-210803INF025488               
40073196019164862122       0000252442                                           
6007320000000393508420129410001589  39054    E100-210803INF025486               
40073206019164900366       0000003935                                           
6007321000001096108420129410001600  18444    E100-210803INF025486               
40073216019164900366       0000010961                                           
6007322000000305508420129410001622  12525    E100-210803INF025486               
40073226019164900366       0000003055                                           
6007323000012584708430496888062     99052828 E100-210803INF025498               
4007323601 164905663       0000025104                                           
4007323602 164906021       0000098006                                           
4007323603 164906026       0000001739                                           
40073236049164906035       0000000998                                           
60073240000040813086300012103349067 19658    E100-210803INF025489               
40073246019164898728       0000040813                                           
60073250000018766086518736218003269 193928   E100-210803INF025492               
40073256019164878395       0000018766                                           
60073260000066852091000019196515678761114    E100-210803INF025486               
40073266019164890005       0000066852                                           
60073270000108555091000019320532261769082    E100-210803INF025492               
4007327601 164817616       0000054096                                           
40073276029164856343       0000054459                                           
60073280000014844091000019397182594976379    E100-210803INF025486               
40073286019164889500       0000014844                                           
600732900000255400910000221262261291158104   E100-210803INF025491               
40073296019164854476       0000025540                                           
6007330000000821709101719619844     252415   E100-210803INF025492               
40073306019164878471       0000008217                                           
60073310000053147091102807996-034-1 123937   E100-210803INF025499               
40073316019164904272       0000053147                                           
600733200000271850913001592012235   88710    E100-210803INF025495               
4007332601 164907101       0000026484                                           
40073326029164907106       0000000701                                           
600733300000360720913001595013-0153 101027   E100-210803INF025492               
40073336019164908783       0000036072                                           
6007334000003978309130296614-639    16794    E100-210803INF025486               
40073346019164897768       0000039783                                           
6007335000001032609130296637-721    4179     E100-210803INF025492               
4007335601 164850620       0000005163                                           
40073356029164889192       0000005163                                           
60073360000038674091310521652101847082115    E100-210803INF025487               
40073366019164895149       0000038674                                           
60073370000076469091310864500-686   10056934 E100-210803INF025492               
40073376019164857892       0000076469                                           
6007338000008466709140873413427923  80296    E100-210803INF025490               
40073386019164890743       0000084667                                           
60073390000015933091808363100001830912367    E100-210803INF025491               
40073396019164902615       0000015933                                           
60073400000025474091901215601003510145653    E100-210803INF025495               
40073406019164903247       0000025474                                           
60073410000003532091913180-328-7    80499    E100-210803INF025495               
40073416019164901653       0000003532                                           
60073420000057562092901683513679    48956    E100-210803INF025495               
4007342601 164908793       0000000379                                           
40073426029164908800       0000057183                                           
600734300000245610960005803013541   10745    E100-210803INF025495               
4007343601 164683069       0000002312                                           
40073436029164877764       0000022249                                           
6007344000006079609601041524980787  106974   E100-210803INF025486               
40073446019164888212       0000060796                                           
60073450000037936096010415312002829874447    E100-210803INF025492               
40073456019164891439       0000037936                                           
60073460000037067096010415312003444499138    E100-210803INF025495               
40073466019164889155       0000037067                                           
60073470000086651096010415667-8509  1461584  E100-210803INF025495               
4007347601 164896122       0000081824                                           
40073476029164896127       0000004827                                           
60073480000298775096010415846304235 230142   E100-210803INF025495               
4007348601 164889233       0000001927                                           
40073486029164891576       0000296848                                           
60073490000098072096016972137808370071650    E100-210803INF025488               
4007349601 164889802       0000001130                                           
40073496029164891375       0000096942                                           
8007000632530A21080300500003059906                                              
5008000632530A21080373027044  042000314                                         
60083500000072518101000019208014370 40996    E100-210803INF025489               
40083506019164894192       0000072518                                           
60083510000170736101000019208021857 117322   E100-210803INF025491               
40083516019164888254       0000170736                                           
6008352000003198410100001937902031  104231   E100-210803INF025486               
40083526019164853098       0000031984                                           
60083530000020384101000695987204482751601    E100-210803INF025495               
40083536019164888891       0000020384                                           
600835400000191131011028521367358   21995    E100-210803INF025487               
40083546019164837879       0000019113                                           
60083550000055197102000076101039028257622    E100-210803INF025487               
40083556019164877682       0000055197                                           
600835600002407881021009184990001675610940   E100-210803INF025486               
4008356601 164887115       0000238078                                           
40083566029164902205       0000002710                                           
6008357000000140110300269120013785131756     E100-210803INF025487               
40083576019164878783       0000001401                                           
60083580000148912103002691265283611022312    E100-210803INF025493               
40083586019164888261       0000148912                                           
600835900001950001031005511615100784260019439E100-210803INF025490               
40083596019164898253       0000195000                                           
60083600000040508103112015110013280 42435    E100-210803INF025486               
40083606019164886348       0000040508                                           
600836100000476591031123451101588   29484    E100-210803INF025486               
40083616019164859537       0000047659                                           
6008362000002035110311297615278393  14234    E100-210803INF025497               
40083626019164864598       0000020351                                           
60083630000057758103900036209945157 97303    E100-210803INF025486               
4008363601 164886569       0000034687                                           
40083636029164905345       0000023071                                           
6008364000003806410400001622652177  87914    E100-210803INF025490               
40083646019164889066       0000038064                                           
60083650000101621104900750376646267017770    E100-210803INF025490               
4008365601 164860594       0000039758                                           
40083656029164899137       0000061863                                           
60083660000059349104900750376892587033048    E100-210803INF025490               
40083666019164860567       0000059349                                           
60083670000002742104913912720362048410231    E100-210803INF025490               
4008367601910216           0000002742                                           
6008368000005503910700660680955251683854     E100-210803INF025492               
40083686019164901538       0000055039                                           
60083690000094298107007508148404125114963    E100-210803INF025493               
4008369601 164899681       0000015074                                           
40083696029164899898       0000079224                                           
60083700000266702111000025488097384710013    E100-210803INF025499               
40083706019164886745       0000266702                                           
60083710000056234111000614580572052 2021     E100-210803INF025491               
40083716019164892662       0000056234                                           
60083720000067492111000614660317667 11121    E100-210803INF025492               
40083726019164897919       0000067492                                           
60083730000033424111000753188189365321053    E100-210803INF025490               
40083736019164898629       0000033424                                           
60083740000352895111017979211104331732036    E100-210803INF025492               
40083746019164900504       0000352895                                           
60083750000572250111300880637980228 282080   E100-210803INF025488               
4008375601 164891568       0000567630                                           
40083756029164900892       0000004620                                           
60083760000053682113008465131700268929362    E100-210803INF025494               
40083766019164854877       0000053682                                           
60083770000039273113010547678038898410468    E100-210803INF025493               
4008377601 164878378       0000003973                                           
40083776029164893271       0000035300                                           
6008378000000799011311198321388198  46359    E100-210803INF025487               
40083786019164893055       0000007990                                           
600837900000544611210002482000003567152175   E100-210803INF025489               
40083796019164905964       0000054461                                           
600838000001126921210002482000698508204965   E100-210803INF025491               
40083806019164895474       0000112692                                           
600838100001277591210002482062620776263478   E100-210803INF025499               
40083816019164888449       0000127759                                           
600838200001402371210002482090002463105721   E100-210803INF025489               
4008382601 164894287       0000136789                                           
40083826029164894749       0000003448                                           
6008383000000642812100024840001343386291     E100-210803INF025494               
40083836019164852286       0000006428                                           
60083840000038256121000248401001091663335    E100-210803INF025499               
40083846019164899470       0000038256                                           
6008385000003084212100024841210689931065955  E100-210803INF025487               
40083856019164906279       0000030842                                           
6008386000025051812100024841220483331045746  E100-210803INF025491               
40083866019164851829       0000250518                                           
600838700005008861210002484123704843384870   E100-210803INF025495               
4008387601 164890342       0000001212                                           
40083876029164891423       0000499674                                           
60083880000346739121000248412394718621009036 E100-210803INF025498               
4008388601 164850044       0000324302                                           
4008388602 164850074       0000000530                                           
40083886039164850142       0000021907                                           
600838900001935661210002484128005295194273   E100-210803INF025491               
4008389601 164792808       0000076516                                           
4008389602 164792827       0000015416                                           
4008389603 164793420       0000000484                                           
4008389604 164831947       0000084524                                           
4008389605 164831960       0000016142                                           
40083896069164832324       0000000484                                           
600839000000287001210003581453038928300962   E100-210803INF025491               
4008390601 164892702       0000028602                                           
40083906029164893313       0000000098                                           
60083910000099795121000358149938370965797    E100-210803INF025487               
4008391601 164907082       0000096168                                           
40083916029164907769       0000003627                                           
60083920000020341121042882327066544536099    E100-210803INF025493               
40083926019164901237       0000020341                                           
60083930000080072121044055704028249 21655    E100-210803INF025490               
4008393601 164889701       0000001272                                           
4008393602 164891411       0000022082                                           
40083936039164896461       0000056718                                           
6008394000000492312110078241877036  20679    E100-210803INF025495               
40083946019164853456       0000004923                                           
60083950000100431121108441640019380182629    E100-210803INF025492               
40083956019164892658       0000100431                                           
6008396000000212712113752218949362916784     E100-210803INF025489               
40083966019164900539       0000002127                                           
6008397000000560012113752218949760815546     E100-210803INF025489               
40083976019164900539       0000005600                                           
6008398000001684312113752218949760993650     E100-210803INF025489               
4008398601 164899940       0000001977                                           
40083986029164900539       0000014866                                           
60083990000155070121137522189512649616195    E100-210803INF025490               
40083996019164904818       0000155070                                           
8008000632530A21080300500005239650                                              
5009000632530A21080373027044  042000314                                         
6009400000037695912113752218955340127205     E100-210803INF025486               
40094006019164875286       0000376959                                           
6009401000001714312113752218955510243984     E100-210803INF025489               
40094016019164900539       0000017143                                           
6009402000001865812113752218955518347237     E100-210803INF025489               
40094026019164900539       0000018658                                           
6009403000001690912113752218955518427126     E100-210803INF025489               
40094036019164900539       0000016909                                           
60094040000047296121140399330158784955308071 E100-210803INF025488               
40094046019164879050       0000047296                                           
60094050000007312121140399330158784955310393 E100-210803INF025488               
40094056019164845564       0000007312                                           
60094060000025680121140399330158784955311338 E100-210803INF025488               
40094066019164852190       0000025680                                           
60094070000171277122000661102350195180323    E100-210803INF025492               
40094076019164850241       0000171277                                           
60094080000648482122000661145372687558470    E100-210803INF025493               
4009408601 164772246       0000222822                                           
4009408602 164811931       0000212190                                           
40094086039164851760       0000213470                                           
60094090000015008122000661145965107795201    E100-210803INF025492               
40094096019164892165       0000015008                                           
60094100000131557122016066210-17244012061    E100-210803INF025491               
40094106019164905443       0000131557                                           
60094110000127080122037760106454547711301    E100-210803INF025491               
40094116019164851723       0000127080                                           
600941200000203541220428071119214   15380    E100-210803INF025494               
40094126019164903815       0000020354                                           
600941300000087481220428071119222   16981    E100-210803INF025494               
40094136019164903815       0000008748                                           
600941400000077181220428071119230   16146    E100-210803INF025494               
40094146019164903815       0000007718                                           
600941500000106921220428071119249   8779     E100-210803INF025494               
40094156019164903815       0000010692                                           
600941600000163301220428073110079   5879     E100-210803INF025494               
40094166019164903815       0000016330                                           
600941700000067071220428073110222   3262     E100-210803INF025494               
40094176019164903815       0000006707                                           
600941800000038881220428073113000   2107     E100-210803INF025494               
40094186019164903815       0000003888                                           
600941900000240481220428073113019   6087     E100-210803INF025494               
40094196019164903815       0000024048                                           
600942000000029161220428073416930   701      E100-210803INF025494               
40094206019164903815       0000002916                                           
600942100000220901221000241541-7466 669164   E100-210803INF025491               
40094216019164899953       0000022090                                           
60094220000275323122101706457024792730015110 E100-210803INF025493               
40094226019164890524       0000275323                                           
60094230000056063122105278968660403516680    E100-210803INF025487               
40094236019164898398       0000056063                                           
6009424000003530512210532057976683311237     E100-210803INF025493               
40094246019164878005       0000035305                                           
6009425000024806612210564756688542  85127    E100-210803INF025493               
4009425601 164888196       0000247482                                           
40094256029164889830       0000000584                                           
6009426000012190612210574467881166303564     E100-210803INF025487               
40094266019164908602       0000121906                                           
600942700000399761221059808401353693116497   E100-210803INF025491               
40094276019164876533       0000039976                                           
600942800000037891221059808401353693116498   E100-210803INF025491               
40094286019164875641       0000003789                                           
60094290000060232122187445217301577655810    E100-210803INF025499               
40094296019164891226       0000060232                                           
600943000000368271222382002020964   12489    E100-210803INF025495               
40094306019164905571       0000036827                                           
6009431000000712012224284335535823  3792     E100-210803INF025492               
40094316019164894270       0000007120                                           
6009432000000946812224298246001780  8344     E100-210803INF025487               
40094326019164852450       0000009468                                           
6009433000014524612224487042001610  50160    E100-210803INF025495               
40094336019164902416       0000145246                                           
60094340000014427123205054486391808421391    E100-210803INF025493               
40094346019164908778       0000014427                                           
60094350000280620124000737449681034536980    E100-210803INF025491               
40094356019164903626       0000280620                                           
60094360000113592124302150153195082641200    E100-210803INF025491               
4009436601 164851936       0000111840                                           
40094366029164858662       0000001752                                           
60094370000027935125100089100364933225440    E100-210803INF025499               
40094376019164875882       0000027935                                           
60094380000022469211070120247119184 40006    E100-210803INF025492               
40094386019164899432       0000022469                                           
60094390000030114211070175110203340283109    E100-210803INF025494               
40094396019164908740       0000030114                                           
6009440000000878321107017511356171369716     E100-210803INF025486               
40094406019164901914       0000008783                                           
600944100001720482111701142202542757143388   E100-210803INF025497               
40094416019164869361       0000172048                                           
60094420000079375211170282657430104921224    E100-210803INF025495               
4009442601 164891273       0000023904                                           
40094426029164907213       0000055471                                           
6009443000000429621127457361000375112041     E100-210803INF025492               
40094436019164902831       0000004296                                           
60094440000052805211370545824475425162223    E100-210803INF025487               
40094446019164839339       0000052805                                           
600944500003173972113705458256773455299900   E100-210803INF025487               
40094456019164853555       0000317397                                           
60094460000026043211371120564877668 15392    E100-210803INF025490               
40094466019164904181       0000026043                                           
6009447000001772421137148910510856358753     E100-210803INF025490               
40094476019164879217       0000017724                                           
60094480000070653211372378889904876 13452    E100-210803INF025487               
40094486019164906130       0000070653                                           
60094490000075087211372378898000112 117326   E100-210803INF025499               
40094496019164905273       0000075087                                           
8009000632530A21080300500004079541                                              
5010000632530A21080373027044  042000314                                         
6010450000001672121138306652789008  10236    E100-210803INF025498               
4010450601 164830546       0000008650                                           
40104506029164840055       0000008071                                           
6010451000000922921138306652789008  10237    E100-210803INF025498               
40104516019164880040       0000009229                                           
60104520000042953211489407800007506018006388 E100-210803INF025490               
40104526019164905504       0000042953                                           
60104530000043368211574642150000046366631    E100-210803INF025487               
40104536019164895753       0000043368                                           
6010454000000368421177017433408662  26274    E100-210803INF025488               
4010454601 164830325       0000002456                                           
40104546029164853808       0000001228                                           
60104550000065310211770213931174748 7374     E100-210803INF025489               
40104556019164893111       0000065310                                           
60104560000001842211770271851004473 33888    E100-210803INF025488               
4010456601 164830325       0000001228                                           
40104566029164853808       0000000614                                           
60104570000002456211770271851078840 45920    E100-210803INF025488               
4010457601 164830325       0000001228                                           
40104576029164853808       0000001228                                           
60104580000005340211770271851094607 8434     E100-210803INF025488               
4010458601 164830325       0000003560                                           
40104586029164853808       0000001780                                           
60104590000000614221172186164701040910874    E100-210803INF025495               
40104596019164849214       0000000614                                           
6010460000004141322117218620421267  20777    E100-210803INF025495               
40104606019164905190       0000041413                                           
6010461000013499722117218635106508  613588   E100-210803INF025490               
40104616019164898980       0000134997                                           
6010462000024304822117218635504220  85420    E100-210803INF025494               
40104626019164891131       0000243048                                           
60104630000016417221172186720114348 97065    E100-210803INF025489               
40104636019164893371       0000016417                                           
60104640000059249221172186850420599 15217    E100-210803INF025490               
40104646019164899630       0000059249                                           
60104650000104310221172241498003638 543492   E100-210803INF025494               
40104656019164901059       0000104310                                           
60104660000543268221272031600154814 40117    E100-210803INF025493               
4010466601 164298472       0000066040                                           
4010466602 164514167       0000048912                                           
4010466603 164526470       0000048912                                           
4010466604 164565689       0000048912                                           
4010466605 164603925       0000046860                                           
4010466606 164641870       0000046860                                           
4010466607 164683144       0000044208                                           
4010466608 164720142       0000048046                                           
4010466609 164758363       0000049178                                           
4010466610 164799471       0000047670                                           
40104666119164837862       0000047670                                           
6010467000003259122127230398111016918212     E100-210803INF025495               
40104676019164859359       0000032591                                           
60104680000010270231372691279120982415824    E100-210803INF025487               
40104686019164866073       0000010270                                           
601046900009859292410704174514537364481917   E100-210803INF025490               
4010469601 164883669       0000185787                                           
4010469602 164883773       0000007381                                           
40104696039164883969       0000792761                                           
60104700000046093241280430976531854026833    E100-210803INF025486               
40104706019164891594       0000046093                                           
601047100001361252422726121220123146306174   E100-210803INF025488               
40104716019164892943       0000136125                                           
60104720000003791244172095109011020345330    E100-210803INF025488               
40104726019164893992       0000003791                                           
60104730000004927251483023101074057415908    E100-210803INF025499               
40104736019164905057       0000004927                                           
601047400000065022531702791249796   18735    E100-210803INF025486               
40104746019164902107       0000006502                                           
60104750000209959253170279591203641 83843    E100-210803INF025493               
40104756019164890742       0000209959                                           
601047600002123882540741706506002   23031    E100-210803INF025493               
40104766019164902413       0000212388                                           
601047700000076282631844881619371   15163    E100-210803INF025491               
40104776019164907133       0000007628                                           
6010478000004610726318448822065482  94597    E100-210803INF025489               
40104786019164907128       0000046107                                           
60104790000063353263191387147477031 45233    E100-210803INF025489               
4010479601 164887070       0000062755                                           
40104796029164906877       0000000598                                           
60104800000010184263191387149207368 15056    E100-210803INF025498               
40104806019164839802       0000010184                                           
60104810000009152263191387242049527 2705     E100-210803INF025493               
40104816019164887112       0000009152                                           
60104820000014105265270413170309200021180    E100-210803INF025488               
40104826019164849218       0000014105                                           
60104830000013629267084199120827174445966    E100-210803INF025489               
4010483601 164878682       0000001919                                           
40104836029164903999       0000011710                                           
60104840000048028267084199121667216925571    E100-210803INF025499               
40104846019164887645       0000048028                                           
6010485000002183226708419912166721934538     E100-210803INF025499               
40104856019164887645       0000021832                                           
60104860000021099267090594985371636650851    E100-210803INF025486               
40104866019164852965       0000021099                                           
6010487000000858227129101712003638729389     E100-210803INF025499               
40104876019164907552       0000008582                                           
6010488000018719527248374310000217002905922  E100-210803INF025492               
40104886019164888444       0000187195                                           
6010489000000341327248374310000217002905923  E100-210803INF025493               
40104896019164888055       0000003413                                           
60104900000011548274970995540031176 83605    E100-210803INF025499               
40104906019164886304       0000011548                                           
601049100000538362910700011073858   1022678  E100-210803INF025489               
40104916019164903065       0000053836                                           
60104920000016964291070001255216912653897    E100-210803INF025499               
40104926019164878660       0000016964                                           
60104930000008436291070001540862765820348    E100-210803INF025494               
40104936019164898759       0000008436                                           
60104940000013324301171353920016527315016    E100-210803INF025486               
40104946019164905901       0000013324                                           
60104950000009188321081669800003058964549    E100-210803INF025493               
40104956019164896925       0000009188                                           
60104960000005722321081669800020699424332    E100-210803INF025493               
40104966019164896925       0000005722                                           
60104970000102209321081669800020722520663    E100-210803INF025495               
4010497601 164908125       0000100373                                           
40104976029164908129       0000001836                                           
60104980000167620321081669800060326460027091 E100-210803INF025487               
40104986019164886524       0000167620                                           
60104990000284693321081669966007039810748    E100-210803INF025493               
40104996019164851282       0000284693                                           
8010000632530A21080300500004110641                                              
5011000632530A21080373027044  042000314                                         
601150000000892873220703818003051292218090   E100-210803INF025491               
40115006019164753898       0000089287                                           
6011501000020002932207038180031864292056     E100-210803INF025493               
4011501601 164473364       0000096572                                           
40115016029164861215       0000103457                                           
60115020000047862322271627215376176 55314939 E100-210803INF025488               
40115026019164892673       0000047862                                           
60115030000028281322271627215376176 55323602 E100-210803INF025488               
40115036019164858179       0000028281                                           
60115040000102395322271627215376176 55323930 E100-210803INF025488               
40115046019164894702       0000102395                                           
60115050000064204322271627215376176 55326384 E100-210803INF025488               
40115056019164867920       0000064204                                           
60115060000005272322271627215376176 55331351 E100-210803INF025488               
40115066019164837088       0000005272                                           
60115070000028766322271627215376176 55331875 E100-210803INF025488               
40115076019164862087       0000028766                                           
60115080001188214322274187802130    20003106 E100-210803INF025489               
40115086019164852410       0001188214                                           
601150900001074803222748312229010014204221   E100-210803INF025491               
40115096019164900480       0000107480                                           
6011510000001572032228578132171810531085     E100-210803INF025489               
40115106019164857765       0000015720                                           
60115110000010056322285781800020108247838    E100-210803INF025487               
40115116019164894093       0000010056                                           
8011000632530A21080300120001887566                                              
9001163                                                                         
